workers,cost,rows,type,parallel,i_q,i_p,i_s,i_e,i_d,i_o_q,i_o_p,i_o_s,i_o_e,i_o_d,b_i_q,b_i_p,b_i_s,b_i_e,b_i_d,s_q,s_p,s_s,s_e,s_d,o_q,o_p,o_s,o_e,o_d,v_i_q,v_i_p,v_i_s,v_i_e,v_i_d,v_f_q,v_f_p,v_f_s,v_f_e,v_f_d,forced_parallel,query,batch,selectivity,latency
0,1277793.39,1121739,bitmap,0,0,0,0,0,0,0,0,0,0,0,1,0,0,0,0,0,0,0,0,0,1,0,0,0,0,2,0,0,0,0,0,0,0,0,0,0,2,3-1,0.0200017664106316,7095.922
2,1284298.13,979772,bitmap,0,0,0,0,0,0,0,0,0,0,0,1,0,0,0,0,0,0,0,0,0,1,0,0,0,0,3,0,0,0,0,0,0,0,0,0,0,2,3-1,0.0399808608841269,4046.919
2,1302801.47,1448830,bitmap,0,0,0,0,0,0,0,0,0,0,0,1,0,0,0,0,0,0,0,0,0,1,0,0,0,0,4,0,0,0,0,0,0,0,0,0,0,2,3-1,0.0600066495457977,4490.390
0,342168.74,114225,bitmap,0,0,0,0,0,0,0,0,0,0,0,0,0,1,0,0,0,0,0,0,0,0,0,1,0,0,0,0,200,0,0,0,0,0,0,0,0,3,3-1,0.0019884289101073,742.436
0,573291.23,222995,bitmap,0,0,0,0,0,0,0,0,0,0,0,0,0,1,0,0,0,0,0,0,0,0,0,1,0,0,0,0,400,0,0,0,0,0,0,0,0,3,3-1,0.00399019425382421,1517.584
0,760856.20,339764,bitmap,0,0,0,0,0,0,0,0,0,0,0,0,0,1,0,0,0,0,0,0,0,0,0,1,0,0,0,0,600,0,0,0,0,0,0,0,0,3,3-1,0.0059919429269991,2198.247
0,908514.76,460531,bitmap,0,0,0,0,0,0,0,0,0,0,0,0,0,1,0,0,0,0,0,0,0,0,0,1,0,0,0,0,800,0,0,0,0,0,0,0,0,3,3-1,0.00798275572461411,2875.122
0,1011597.14,569302,bitmap,0,0,0,0,0,0,0,0,0,0,0,0,0,1,0,0,0,0,0,0,0,0,0,1,0,0,0,0,1000,0,0,0,0,0,0,0,0,3,3-1,0.00998722169613696,3380.679
0,1099563.69,688314,bitmap,0,0,0,0,0,0,0,0,0,0,0,0,0,1,0,0,0,0,0,0,0,0,0,1,0,0,0,0,1200,0,0,0,0,0,0,0,0,3,3-1,0.0119918710436219,3892.452
0,1171567.86,816052,bitmap,0,0,0,0,0,0,0,0,0,0,0,0,0,1,0,0,0,0,0,0,0,0,0,1,0,0,0,0,1400,0,0,0,0,0,0,0,0,3,3-1,0.0139892687053317,4355.784
0,1225518.06,943790,bitmap,0,0,0,0,0,0,0,0,0,0,0,0,0,1,0,0,0,0,0,0,0,0,0,1,0,0,0,0,1600,0,0,0,0,0,0,0,0,3,3-1,0.0159916675296451,4791.727
0,1265340.71,1071528,bitmap,0,0,0,0,0,0,0,0,0,0,0,0,0,1,0,0,0,0,0,0,0,0,0,1,0,0,0,0,1800,0,0,0,0,0,0,0,0,3,3-1,0.0180007845823893,5122.615
0,1295101.24,1205264,bitmap,0,0,0,0,0,0,0,0,0,0,0,0,0,1,0,0,0,0,0,0,0,0,0,1,0,0,0,0,2000,0,0,0,0,0,0,0,0,3,3-1,0.0199948814767806,5504.334
0,1314409.05,1332282,bitmap,0,0,0,0,0,0,0,0,0,0,0,0,0,1,0,0,0,0,0,0,0,0,0,1,0,0,0,0,2200,0,0,0,0,0,0,0,0,3,3-1,0.0219959799988171,5733.216
0,1326234.65,1452514,bitmap,0,0,0,0,0,0,0,0,0,0,0,0,0,1,0,0,0,0,0,0,0,0,0,1,0,0,0,0,2400,0,0,0,0,0,0,0,0,3,3-1,0.0239903602924226,6006.994
0,1332983.24,1572745,bitmap,0,0,0,0,0,0,0,0,0,0,0,0,0,1,0,0,0,0,0,0,0,0,0,1,0,0,0,0,2600,0,0,0,0,0,0,0,0,3,3-1,0.0259950263104496,6298.316
2,1321696.17,712905,bitmap,0,0,0,0,0,0,0,0,0,0,0,0,0,1,0,0,0,0,0,0,0,0,0,1,0,0,0,0,2800,0,0,0,0,0,0,0,0,3,3-1,0.0279854556855984,2759.185
2,1319027.53,768000,bitmap,0,0,0,0,0,0,0,0,0,0,0,0,0,1,0,0,0,0,0,0,0,0,0,1,0,0,0,0,3000,0,0,0,0,0,0,0,0,3,3-1,0.0299814530217791,2897.092
2,1313664.11,819295,bitmap,0,0,0,0,0,0,0,0,0,0,0,0,0,1,0,0,0,0,0,0,0,0,0,1,0,0,0,0,3200,0,0,0,0,0,0,0,0,3,3-1,0.0319848354080712,2971.230
2,1306057.18,870640,bitmap,0,0,0,0,0,0,0,0,0,0,0,0,0,1,0,0,0,0,0,0,0,0,0,1,0,0,0,0,3400,0,0,0,0,0,0,0,0,3,3-1,0.0339856672014354,3041.190
2,1295128.56,929484,bitmap,0,0,0,0,0,0,0,0,0,0,0,0,0,1,0,0,0,0,0,0,0,0,0,1,0,0,0,0,3600,0,0,0,0,0,0,0,0,3,3-1,0.035986949099434,3133.466
2,1284058.02,980828,bitmap,0,0,0,0,0,0,0,0,0,0,0,0,0,1,0,0,0,0,0,0,0,0,0,1,0,0,0,0,3800,0,0,0,0,0,0,0,0,3,3-1,0.0379797123504644,3165.561
2,1278262.83,1039346,bitmap,0,0,0,0,0,0,0,0,0,0,0,0,0,1,0,0,0,0,0,0,0,0,0,1,0,0,0,0,4000,0,0,0,0,0,0,0,0,3,3-1,0.0399716754154783,3220.135
0,440417.24,104546,bitmap,0,0,0,0,0,0,0,0,0,0,0,1,0,0,0,1,0,0,0,0,0,2,0,0,0,1,2,0,0,0,0.01,0,0,0,0,0,0,4,3-1,0.00182125671481097,7699.706
0,766966.95,207634,bitmap,0,0,0,0,0,0,0,0,0,0,0,1,0,0,0,1,0,0,0,0,0,2,0,0,0,1,2,0,0,0,0.02,0,0,0,0,0,0,4,3-1,0.00363316125555321,8054.318
0,1034301.41,307768,bitmap,0,0,0,0,0,0,0,0,0,0,0,1,0,0,0,1,0,0,0,0,0,2,0,0,0,1,2,0,0,0,0.03,0,0,0,0,0,0,4,3-1,0.00545213410610853,8316.051
0,1270726.72,409996,bitmap,0,0,0,0,0,0,0,0,0,0,0,1,0,0,0,1,0,0,0,0,0,2,0,0,0,1,2,0,0,0,0.04,0,0,0,0,0,0,4,3-1,0.00727362420850767,8604.408
0,1278921.88,512336,bitmap,0,0,0,0,0,0,0,0,0,0,0,1,0,0,0,0,0,0,0,0,1,1,0,0,0,2,2,0,0,0,0,0,0,0,0,0.05,0,4,3-1,0.00910306615944653,7114.180
0,1279193.14,610974,bitmap,0,0,0,0,0,0,0,0,0,0,0,1,0,0,0,0,0,0,0,0,1,1,0,0,0,2,2,0,0,0,0,0,0,0,0,0.06,0,4,3-1,0.0109216055759095,7134.517
0,1279473.54,712940,bitmap,0,0,0,0,0,0,0,0,0,0,0,1,0,0,0,0,0,0,0,0,1,1,0,0,0,2,2,0,0,0,0,0,0,0,0,0.07,0,4,3-1,0.012740711790801,7135.162
0,1279750.97,813822,bitmap,0,0,0,0,0,0,0,0,0,0,0,1,0,0,0,0,0,0,0,0,1,1,0,0,0,2,2,0,0,0,0,0,0,0,0,0.08,0,4,3-1,0.0145593845716001,7119.730
0,1280034.67,916984,bitmap,0,0,0,0,0,0,0,0,0,0,0,1,0,0,0,0,0,0,0,0,1,1,0,0,0,2,2,0,0,0,0,0,0,0,0,0.09,0,4,3-1,0.0163651376823399,7153.804
0,1280316.00,1019287,bitmap,0,0,0,0,0,0,0,0,0,0,0,1,0,0,0,0,0,0,0,0,1,1,0,0,0,2,2,0,0,0,0,0,0,0,0,0.10,0,4,3-1,0.0181899952342254,7138.630
0,1280597.74,1121739,bitmap,0,0,0,0,0,0,0,0,0,0,0,1,0,0,0,0,0,0,0,0,1,1,0,0,0,2,2,0,0,0,0,0,0,0,0,0.11,0,4,3-1,0.0200017664106316,7151.369
0,1280597.74,1121739,bitmap,0,0,0,0,0,0,0,0,0,0,0,1,0,0,0,0,0,0,0,0,1,1,0,0,0,2,2,0,0,0,0,0,0,0,0,0.12,0,4,3-1,0.0200017664106316,7146.637
0,1280597.74,1121739,bitmap,0,0,0,0,0,0,0,0,0,0,0,1,0,0,0,0,0,0,0,0,1,1,0,0,0,2,2,0,0,0,0,0,0,0,0,0.13,0,4,3-1,0.0200017664106316,7137.863
0,1280597.74,1121739,bitmap,0,0,0,0,0,0,0,0,0,0,0,1,0,0,0,0,0,0,0,0,1,1,0,0,0,2,2,0,0,0,0,0,0,0,0,0.14,0,4,3-1,0.0200017664106316,7152.773
0,1280597.74,1121739,bitmap,0,0,0,0,0,0,0,0,0,0,0,1,0,0,0,0,0,0,0,0,1,1,0,0,0,2,2,0,0,0,0,0,0,0,0,0.15,0,4,3-1,0.0200017664106316,7145.397
0,440417.24,104546,bitmap,0,0,0,0,0,0,0,0,0,0,0,1,0,0,0,1,0,0,0,0,0,2,0,0,0,1,2,0,0,0,0.01,0,0,0,0,0,0,5,3-1,0.00182125671481097,7629.434
0,709416.28,219155,bitmap,0,0,0,0,0,0,0,0,0,0,0,1,0,0,0,1,0,0,0,0,0,2,0,0,0,1,3,0,0,0,0.01,0,0,0,0,0,0,5,3-1,0.0036343948756621,10567.118
0,900914.71,324074,bitmap,0,0,0,0,0,0,0,0,0,0,0,1,0,0,0,1,0,0,0,0,0,2,0,0,0,1,4,0,0,0,0.01,0,0,0,0,0,0,5,3-1,0.0054490333852943,11548.321
0,1064303.06,435888,bitmap,0,0,0,0,0,0,0,0,0,0,0,1,0,0,0,1,0,0,0,0,0,2,0,0,0,1,5,0,0,0,0.01,0,0,0,0,0,0,5,3-1,0.0072631050964981,12076.895
0,1206796.63,557766,bitmap,0,0,0,0,0,0,0,0,0,0,0,1,0,0,0,1,0,0,0,0,0,1,0,0,0,2,6,0,0,0,0.01,0,0,0,0,0,0,5,3-1,0.00908557876087594,12189.917
0,1313870.46,671070,bitmap,0,0,0,0,0,0,0,0,0,0,0,1,0,0,0,1,0,0,0,0,0,1,0,0,0,2,7,0,0,0,0.01,0,0,0,0,0,0,5,3-1,0.0108956495419969,12297.239
2,1355194.74,329618,bitmap,0,0,0,0,0,0,0,0,0,0,0,0,0,0,0,1,1,0,0,0,0,2,0,0,0,1,0,0,0,0,0.01,8,0,0,0,0,0,5,3-1,0.0127067705672645,4927.408
2,1355338.92,376130,bitmap,0,0,0,0,0,0,0,0,0,0,0,0,0,0,0,1,1,0,0,0,0,2,0,0,0,1,0,0,0,0,0.01,9,0,0,0,0,0,5,3-1,0.014524559809337,4889.204
2,1355479.74,421554,bitmap,0,0,0,0,0,0,0,0,0,0,0,0,0,0,0,1,1,0,0,0,0,2,0,0,0,1,0,0,0,0,0.01,10,0,0,0,0,0,5,3-1,0.016337531264768,4889.303
2,1355623.92,468066,bitmap,0,0,0,0,0,0,0,0,0,0,0,0,0,0,0,1,1,0,0,0,0,2,0,0,0,1,0,0,0,0,0.01,11,0,0,0,0,0,5,3-1,0.0181655562196359,4890.670
2,1355773.89,516441,bitmap,0,0,0,0,0,0,0,0,0,0,0,0,0,0,0,1,1,0,0,0,0,2,0,0,0,1,0,0,0,0,0.01,12,0,0,0,0,0,5,3-1,0.0199775441130882,4918.329
2,1355932.28,567534,bitmap,0,0,0,0,0,0,0,0,0,0,0,0,0,0,0,1,1,0,0,0,0,2,0,0,0,1,0,0,0,0,0.01,13,0,0,0,0,0,5,3-1,0.021790298851473,4893.644
2,1356069.96,611949,bitmap,0,0,0,0,0,0,0,0,0,0,0,0,0,0,0,1,1,0,0,0,0,2,0,0,0,1,0,0,0,0,0.01,14,0,0,0,0,0,5,3-1,0.0236072378959029,4947.462
0,567942.81,219668,bitmap,0,0,0,0,0,0,0,0,0,0,0,0,0,0,1,0,0,0,0,0,0,0,0,0,1,0,0,0,0,100000,0,0,0,0,0,0,0,6,3-1,0.000684325749592589,189.178
0,646206.13,264050,bitmap,0,0,0,0,0,0,0,0,0,0,0,0,0,0,1,0,0,0,0,0,0,0,0,0,1,0,0,0,0,99000,0,0,0,0,0,0,0,6,3-1,0.00109952226894345,300.981
0,716601.89,308431,bitmap,0,0,0,0,0,0,0,0,0,0,0,0,0,0,1,0,0,0,0,0,0,0,0,0,1,0,0,0,0,98000,0,0,0,0,0,0,0,6,3-1,0.00165030030647791,694.649
0,780108.58,352813,bitmap,0,0,0,0,0,0,0,0,0,0,0,0,0,0,1,0,0,0,0,0,0,0,0,0,1,0,0,0,0,97000,0,0,0,0,0,0,0,6,3-1,0.00237301831432414,1288.671
0,837524.69,397195,bitmap,0,0,0,0,0,0,0,0,0,0,0,0,0,0,1,0,0,0,0,0,0,0,0,0,1,0,0,0,0,96000,0,0,0,0,0,0,0,6,3-1,0.00326092472296727,1702.815
0,889511.90,441577,bitmap,0,0,0,0,0,0,0,0,0,0,0,0,0,0,1,0,0,0,0,0,0,0,0,0,1,0,0,0,0,95000,0,0,0,0,0,0,0,6,3-1,0.00438410249102575,2379.279
0,936645.14,485959,bitmap,0,0,0,0,0,0,0,0,0,0,0,0,0,0,1,0,0,0,0,0,0,0,0,0,1,0,0,0,0,94000,0,0,0,0,0,0,0,6,3-1,0.00569349021335826,3055.504
0,979405.76,530340,bitmap,0,0,0,0,0,0,0,0,0,0,0,0,0,0,1,0,0,0,0,0,0,0,0,0,1,0,0,0,0,93000,0,0,0,0,0,0,0,6,3-1,0.00723868275245052,3771.696
0,1018223.91,574722,bitmap,0,0,0,0,0,0,0,0,0,0,0,0,0,0,1,0,0,0,0,0,0,0,0,0,1,0,0,0,0,92000,0,0,0,0,0,0,0,6,3-1,0.00897878726874708,4502.348
0,1090482.67,670818,bitmap,0,0,0,0,0,0,0,0,0,0,0,0,0,0,1,0,0,0,0,0,0,0,0,0,1,0,0,0,0,91000,0,0,0,0,0,0,0,6,3-1,0.0109341751645866,5235.799
0,1173276.31,813441,bitmap,0,0,0,0,0,0,0,0,0,0,0,0,0,0,1,0,0,0,0,0,0,0,0,0,1,0,0,0,0,90000,0,0,0,0,0,0,0,6,3-1,0.0131108811761774,5963.452
0,1233413.90,956064,bitmap,0,0,0,0,0,0,0,0,0,0,0,0,0,0,1,0,0,0,0,0,0,0,0,0,1,0,0,0,0,89000,0,0,0,0,0,0,0,6,3-1,0.0155485311818821,6725.876
0,1276307.33,1098687,bitmap,0,0,0,0,0,0,0,0,0,0,0,0,0,0,1,0,0,0,0,0,0,0,0,0,1,0,0,0,0,88000,0,0,0,0,0,0,0,6,3-1,0.0181422508019031,7410.684
0,1308667.66,1257933,bitmap,0,0,0,0,0,0,0,0,0,0,0,0,0,0,1,0,0,0,0,0,0,0,0,0,1,0,0,0,0,87000,0,0,0,0,0,0,0,6,3-1,0.0210210200197873,8274.409
0,1331211.55,1448138,bitmap,0,0,0,0,0,0,0,0,0,0,0,0,0,0,1,0,0,0,0,0,0,0,0,0,1,0,0,0,0,86000,0,0,0,0,0,0,0,6,3-1,0.0241060371834439,8747.300
2,1327537.93,682643,bitmap,0,0,0,0,0,0,0,0,0,0,0,0,0,0,1,0,0,0,0,0,0,0,0,0,1,0,0,0,0,85000,0,0,0,0,0,0,0,6,3-1,0.0274252587918271,3789.849
2,1325878.44,766641,bitmap,0,0,0,0,0,0,0,0,0,0,0,0,0,0,1,0,0,0,0,0,0,0,0,0,1,0,0,0,0,84000,0,0,0,0,0,0,0,6,3-1,0.0309781013759665,4051.006
2,1314175.96,867736,bitmap,0,0,0,0,0,0,0,0,0,0,0,0,0,0,1,0,0,0,0,0,0,0,0,0,1,0,0,0,0,83000,0,0,0,0,0,0,0,6,3-1,0.0347786848849463,4247.999
2,1295283.59,968831,bitmap,0,0,0,0,0,0,0,0,0,0,0,0,0,0,1,0,0,0,0,0,0,0,0,0,1,0,0,0,0,82000,0,0,0,0,0,0,0,6,3-1,0.0388314103418575,4425.274
2,1289790.17,1073970,bitmap,0,0,0,0,0,0,0,0,0,0,0,0,0,0,1,0,0,0,0,0,0,0,0,0,1,0,0,0,0,81000,0,0,0,0,0,0,0,6,3-1,0.0430938845583637,4600.909
2,1297101.30,1180372,bitmap,0,0,0,0,0,0,0,0,0,0,0,0,0,0,1,0,0,0,0,0,0,0,0,0,1,0,0,0,0,80000,0,0,0,0,0,0,0,6,3-1,0.0476064835872179,4736.241
0,511136.67,137278,bitmap,0,0,0,0,0,0,0,0,0,0,0,0,1,0,1,0,0,0,0,0,0,0,2,0,1,0,0,100000,0,80000,0,0,0,0,0,0,0,7,3-1,0.00186211621328238,8256.957
0,832829.48,276829,bitmap,0,0,0,0,0,0,0,0,0,0,0,0,1,0,1,0,0,0,0,0,0,0,1,0,2,0,0,200000,0,80000,0,0,0,0,0,0,0,7,3-1,0.00476915867041892,11842.765
0,1073141.76,413196,bitmap,0,0,0,0,0,0,0,0,0,0,0,0,1,0,1,0,0,0,0,0,0,0,1,0,2,0,0,300000,0,80000,0,0,0,0,0,0,0,7,3-1,0.00661955549266686,11968.014
0,1271431.76,555814,bitmap,0,0,0,0,0,0,0,0,0,0,0,0,1,0,1,0,0,0,0,0,0,0,1,0,2,0,0,400000,0,80000,0,0,0,0,0,0,0,7,3-1,0.00952959864736556,12085.073
2,1297293.32,290402,bitmap,0,0,0,0,0,0,0,0,0,0,0,0,0,0,1,0,0,1,0,0,0,0,2,0,1,0,0,0,0,80000,0,0,500000,0,0,0,0,7,3-1,0.0113955990969367,4727.082
2,1297470.58,347582,bitmap,0,0,0,0,0,0,0,0,0,0,0,0,0,0,1,0,0,1,0,0,0,0,2,0,1,0,0,0,0,80000,0,0,600000,0,0,0,0,7,3-1,0.0142989907053726,4743.307
2,1297660.42,408820,bitmap,0,0,0,0,0,0,0,0,0,0,0,0,0,0,1,0,0,1,0,0,0,0,2,0,1,0,0,0,0,80000,0,0,700000,0,0,0,0,7,3-1,0.016156855930442,4744.114
2,1297848.15,469381,bitmap,0,0,0,0,0,0,0,0,0,0,0,0,0,0,1,0,0,1,0,0,0,0,2,0,1,0,0,0,0,80000,0,0,800000,0,0,0,0,7,3-1,0.0190679159882034,4755.892
2,1298032.15,528733,bitmap,0,0,0,0,0,0,0,0,0,0,0,0,0,0,1,0,0,1,0,0,0,0,2,0,1,0,0,0,0,80000,0,0,900000,0,0,0,0,7,3-1,0.0209264813760372,4718.348
2,1298219.20,589073,bitmap,0,0,0,0,0,0,0,0,0,0,0,0,0,0,1,0,0,1,0,0,0,0,2,0,1,0,0,0,0,80000,0,0,1000000,0,0,0,0,7,3-1,0.0238313066510862,4713.634
2,1298399.80,647332,bitmap,0,0,0,0,0,0,0,0,0,0,0,0,0,0,1,0,0,1,0,0,0,0,2,0,1,0,0,0,0,80000,0,0,1100000,0,0,0,0,7,3-1,0.0256880882909247,4705.876
2,1298584.39,706877,bitmap,0,0,0,0,0,0,0,0,0,0,0,0,0,0,1,0,0,1,0,0,0,0,2,0,1,0,0,0,0,80000,0,0,1200000,0,0,0,0,7,3-1,0.0285925134729653,4728.255
2,1298767.65,765992,bitmap,0,0,0,0,0,0,0,0,0,0,0,0,0,0,1,0,0,1,0,0,0,0,2,0,1,0,0,0,0,80000,0,0,1300000,0,0,0,0,7,3-1,0.0304496451941861,4710.898
2,1298956.55,826928,bitmap,0,0,0,0,0,0,0,0,0,0,0,0,0,0,1,0,0,1,0,0,0,0,2,0,1,0,0,0,0,80000,0,0,1400000,0,0,0,0,7,3-1,0.0333392169232941,4723.833
2,1299136.68,885035,bitmap,0,0,0,0,0,0,0,0,0,0,0,0,0,0,1,0,0,1,0,0,0,0,2,0,1,0,0,0,0,80000,0,0,1500000,0,0,0,0,7,3-1,0.0351980657103421,4719.522
2,1299315.95,942862,bitmap,0,0,0,0,0,0,0,0,0,0,0,0,0,0,1,0,0,1,0,0,0,0,2,0,1,0,0,0,0,80000,0,0,1600000,0,0,0,0,7,3-1,0.0380931887299401,4732.222
2,1299497.60,1001460,bitmap,0,0,0,0,0,0,0,0,0,0,0,0,0,0,1,0,0,1,0,0,0,0,2,0,1,0,0,0,0,80000,0,0,1700000,0,0,0,0,7,3-1,0.0399451692536792,4726.600
2,1299680.00,1060300,bitmap,0,0,0,0,0,0,0,0,0,0,0,0,0,0,1,0,0,1,0,0,0,0,2,0,1,0,0,0,0,80000,0,0,1800000,0,0,0,0,7,3-1,0.0428527618387021,4746.614
2,1299869.30,1121363,bitmap,0,0,0,0,0,0,0,0,0,0,0,0,0,0,1,0,0,1,0,0,0,0,2,0,1,0,0,0,0,80000,0,0,1900000,0,0,0,0,7,3-1,0.0447069428739868,4726.210
2,1300052.23,1180372,bitmap,0,0,0,0,0,0,0,0,0,0,0,0,0,0,1,0,0,1,0,0,0,0,2,0,1,0,0,0,0,80000,0,0,2000000,0,0,0,0,7,3-1,0.0476064835872179,4726.941
0,538346.47,147576,bitmap,0,0,0,0,0,0,0,0,0,0,0,0,0,1,1,0,0,0,0,0,0,0,0,2,1,0,0,0,5000,80000,0,0,0,0,0,0,0,8,3-1,0.00226929420192547,8277.273
0,853399.65,287255,bitmap,0,0,0,0,0,0,0,0,0,0,0,0,0,1,1,0,0,0,0,0,0,0,0,1,2,0,0,0,10000,80000,0,0,0,0,0,0,0,8,3-1,0.00459475145988938,11763.030
0,1092593.74,425810,bitmap,0,0,0,0,0,0,0,0,0,0,0,0,0,1,1,0,0,0,0,0,0,0,0,1,2,0,0,0,15000,80000,0,0,0,0,0,0,0,8,3-1,0.00697878900248344,12040.203
0,1287755.79,569114,bitmap,0,0,0,0,0,0,0,0,0,0,0,0,0,1,1,0,0,0,0,0,0,0,0,1,2,0,0,0,20000,80000,0,0,0,0,0,0,0,8,3-1,0.00940883724103063,12125.261
2,1297316.66,297932,bitmap,0,0,0,0,0,0,0,0,0,0,0,0,0,0,1,0,0,0,1,0,0,0,0,2,1,0,0,0,0,80000,0,0,0,25000,0,0,0,8,3-1,0.0118916977566718,4684.177
2,1297495.64,355665,bitmap,0,0,0,0,0,0,0,0,0,0,0,0,0,0,1,0,0,0,1,0,0,0,0,2,1,0,0,0,0,80000,0,0,0,30000,0,0,0,8,3-1,0.0141713943768128,4708.697
2,1297680.62,415337,bitmap,0,0,0,0,0,0,0,0,0,0,0,0,0,0,1,0,0,0,1,0,0,0,0,2,1,0,0,0,0,80000,0,0,0,35000,0,0,0,8,3-1,0.0165035698632075,4690.316
2,1297859.56,473060,bitmap,0,0,0,0,0,0,0,0,0,0,0,0,0,0,1,0,0,0,1,0,0,0,0,2,1,0,0,0,0,80000,0,0,0,40000,0,0,0,8,3-1,0.0188863737856927,4710.352
2,1298040.21,531334,bitmap,0,0,0,0,0,0,0,0,0,0,0,0,0,0,1,0,0,0,1,0,0,0,0,2,1,0,0,0,0,80000,0,0,0,45000,0,0,0,8,3-1,0.0213164720358659,4700.425
2,1298220.90,589623,bitmap,0,0,0,0,0,0,0,0,0,0,0,0,0,0,1,0,0,0,1,0,0,0,0,2,1,0,0,0,0,80000,0,0,0,50000,0,0,0,8,3-1,0.0237993658925912,4704.906
2,1298405.56,649189,bitmap,0,0,0,0,0,0,0,0,0,0,0,0,0,0,1,0,0,0,1,0,0,0,0,2,1,0,0,0,0,80000,0,0,0,55000,0,0,0,8,3-1,0.0260763452143842,4720.515
2,1298583.51,706591,bitmap,0,0,0,0,0,0,0,0,0,0,0,0,0,0,1,0,0,0,1,0,0,0,0,2,1,0,0,0,0,80000,0,0,0,60000,0,0,0,8,3-1,0.0284028693870368,4713.868
2,1298766.19,765521,bitmap,0,0,0,0,0,0,0,0,0,0,0,0,0,0,1,0,0,0,1,0,0,0,0,2,1,0,0,0,0,80000,0,0,0,65000,0,0,0,8,3-1,0.0307845230421232,4738.070
2,1298945.20,823265,bitmap,0,0,0,0,0,0,0,0,0,0,0,0,0,0,1,0,0,0,1,0,0,0,0,2,1,0,0,0,0,80000,0,0,0,70000,0,0,0,8,3-1,0.033216771792216,4728.453
2,1299133.79,884103,bitmap,0,0,0,0,0,0,0,0,0,0,0,0,0,0,1,0,0,0,1,0,0,0,0,2,1,0,0,0,0,80000,0,0,0,75000,0,0,0,8,3-1,0.0357042833890785,4748.558
0,710127.44,216378,bitmap,0,0,0,0,0,0,0,0,0,0,0,0,1,0,1,0,0,0,0,0,0,0,2,0,1,0,0,100000,0,75000,0,0,0,0,0,0,0,9,3-1,0.00306059481960907,9009.744
0,511136.67,137278,bitmap,0,0,0,0,0,0,0,0,0,0,0,0,1,0,1,0,0,0,0,0,0,0,2,0,1,0,0,100000,0,80000,0,0,0,0,0,0,0,9,3-1,0.00186211621328238,8312.895
0,340888.94,79392,bitmap,0,0,0,0,0,0,0,0,0,0,0,0,1,0,1,0,0,0,0,0,0,0,1,0,2,0,0,100000,0,85000,0,0,0,0,0,0,0,9,3-1,0.000980411246267716,8880.121
0,206768.82,39418,bitmap,0,0,0,0,0,0,0,0,0,0,0,0,1,0,1,0,0,0,0,0,0,0,1,0,2,0,0,100000,0,90000,0,0,0,0,0,0,0,9,3-1,0.000385272896439326,5699.157
0,140287.32,21398,bitmap,0,0,0,0,0,0,0,0,0,0,0,0,1,0,1,0,0,0,0,0,0,0,1,0,2,0,0,100000,0,95000,0,0,0,0,0,0,0,9,3-1,7.13165787273348e-05,2454.596
0,98167.92,10645,bitmap,0,0,0,0,0,0,0,0,0,0,0,0,1,0,1,0,0,0,0,0,0,0,1,0,2,0,0,100000,0,100000,0,0,0,0,0,0,0,9,3-1,0,394.651
0,8.60,1,index,0,0,0,0,1,0,0,0,0,0,0,0,0,0,0,0,0,1,0,0,0,0,1,0,2,0,0,0,0,105000,0,0,100000,0,0,0,0,9,3-1,0,0.323
0,8.60,1,index,0,0,0,0,1,0,0,0,0,0,0,0,0,0,0,0,0,1,0,0,0,0,1,0,2,0,0,0,0,110000,0,0,100000,0,0,0,0,9,3-1,0,0.160
0,8.60,1,index,0,0,0,0,1,0,0,0,0,0,0,0,0,0,0,0,0,1,0,0,0,0,1,0,2,0,0,0,0,115000,0,0,100000,0,0,0,0,9,3-1,0,0.141
0,8.60,1,index,0,0,0,0,1,0,0,0,0,0,0,0,0,0,0,0,0,1,0,0,0,0,1,0,2,0,0,0,0,120000,0,0,100000,0,0,0,0,9,3-1,0,0.135
2,1345610.59,929366,bitmap,0,0,0,0,0,0,0,0,0,0,0,0,0,0,1,0,0,0,1,0,0,0,0,2,1,0,0,0,0,75000,0,0,0,50000,0,0,0,10,3-1,0.0370309918045615,5247.850
2,1325362.03,784194,bitmap,0,0,0,0,0,0,0,0,0,0,0,0,0,0,1,0,0,0,1,0,0,0,0,2,1,0,0,0,0,77000,0,0,0,50000,0,0,0,10,3-1,0.0313648412801029,5096.531
2,1298220.90,589623,bitmap,0,0,0,0,0,0,0,0,0,0,0,0,0,0,1,0,0,0,1,0,0,0,0,2,1,0,0,0,0,80000,0,0,0,50000,0,0,0,10,3-1,0.0237993658925912,4758.464
2,1296202.55,483953,bitmap,0,0,0,0,0,0,0,0,0,0,0,0,0,0,1,0,0,0,1,0,0,0,0,2,1,0,0,0,0,82000,0,0,0,50000,0,0,0,10,3-1,0.0194156801651157,4424.795
2,1328185.43,340996,bitmap,0,0,0,0,0,0,0,0,0,0,0,0,0,0,1,0,0,0,1,0,0,0,0,2,1,0,0,0,0,85000,0,0,0,50000,0,0,0,10,3-1,0.0137073531693668,3807.563
0,1277541.91,548819,bitmap,0,0,0,0,0,0,0,0,0,0,0,0,0,0,1,0,0,0,1,0,0,0,0,2,1,0,0,0,0,88000,0,0,0,50000,0,0,0,10,3-1,0.00907350928845926,7437.744
0,1018869.72,287087,bitmap,0,0,0,0,0,0,0,0,0,0,0,0,0,0,1,0,0,0,1,0,0,0,0,2,1,0,0,0,0,92000,0,0,0,50000,0,0,0,10,3-1,0.00448510930507645,4508.240
0,890008.10,220578,bitmap,0,0,0,0,0,0,0,0,0,0,0,0,0,0,1,0,0,0,1,0,0,0,0,2,1,0,0,0,0,95000,0,0,0,50000,0,0,0,10,3-1,0.00218397436790806,2385.671
2,1349967.86,834526,bitmap,0,0,0,0,0,0,0,0,0,0,0,0,0,0,1,0,0,1,1,0,0,0,3,2,1,0,0,0,0,75000,0,0,1200000,75000,0,0,0,11,3-1,0.0333382500318574,5283.617
2,1349863.07,800725,bitmap,0,0,0,0,0,0,0,0,0,0,0,0,0,0,1,0,0,1,1,0,0,0,3,2,1,0,0,0,0,75000,0,0,1200000,72000,0,0,0,11,3-1,0.0319543949983573,5237.438
2,1349655.57,733789,bitmap,0,0,0,0,0,0,0,0,0,0,0,0,0,0,1,0,0,1,1,0,0,0,3,2,1,0,0,0,0,75000,0,0,1200000,66000,0,0,0,11,3-1,0.0292270609841101,5270.988
2,1349448.43,666969,bitmap,0,0,0,0,0,0,0,0,0,0,0,0,0,0,1,0,0,1,1,0,0,0,3,2,1,0,0,0,0,75000,0,0,1200000,60000,0,0,0,11,3-1,0.0265546063941664,5239.288
2,1349247.23,602066,bitmap,0,0,0,0,0,0,0,0,0,0,0,0,0,0,1,0,0,1,1,0,0,0,3,2,1,0,0,0,0,75000,0,0,1200000,54000,0,0,0,11,3-1,0.0239417156508316,5256.072
2,1349039.92,535191,bitmap,0,0,0,0,0,0,0,0,0,0,0,0,0,0,1,0,0,1,1,0,0,0,3,2,1,0,0,0,0,75000,0,0,1200000,48000,0,0,0,11,3-1,0.0213085701989522,5269.559
2,1348829.58,467341,bitmap,0,0,0,0,0,0,0,0,0,0,0,0,0,0,1,0,0,1,1,0,0,0,3,2,1,0,0,0,0,75000,0,0,1200000,42000,0,0,0,11,3-1,0.0185665661077345,5248.404
2,1348630.02,402966,bitmap,0,0,0,0,0,0,0,0,0,0,0,0,0,0,1,0,0,1,1,0,0,0,3,2,1,0,0,0,0,75000,0,0,1200000,36000,0,0,0,11,3-1,0.0158856262119067,5216.472
2,1348421.56,335721,bitmap,0,0,0,0,0,0,0,0,0,0,0,0,0,0,1,0,0,1,1,0,0,0,3,2,1,0,0,0,0,75000,0,0,1200000,30000,0,0,0,11,3-1,0.013256114938186,5229.272
2,1348215.04,269102,bitmap,0,0,0,0,0,0,0,0,0,0,0,0,0,0,1,0,0,1,1,0,0,0,3,2,1,0,0,0,0,75000,0,0,1200000,24000,0,0,0,11,3-1,0.0106462415629553,5249.193
2,1348003.69,200924,bitmap,0,0,0,0,0,0,0,0,0,0,0,0,0,0,1,0,0,1,1,0,0,0,3,2,1,0,0,0,0,75000,0,0,1200000,18000,0,0,0,11,3-1,0.00789668571620616,5258.724
0,1212879.53,324264,bitmap,0,0,0,0,0,0,0,0,0,0,0,0,0,1,1,0,0,1,0,0,0,0,3,1,2,0,0,0,12000,75000,0,0,1200000,0,0,0,0,11,3-1,0.00519894191403028,13009.202
0,826924.54,164869,bitmap,0,0,0,0,0,0,0,0,0,0,0,0,0,1,1,0,0,1,0,0,0,0,3,2,1,0,0,0,6000,75000,0,0,1200000,0,0,0,0,11,3-1,0.00256474621800415,9403.973
0,710505.45,162068,bitmap,0,0,0,0,0,0,0,0,0,0,0,0,1,0,1,0,0,0,1,0,0,0,2,3,1,0,0,100000,0,75000,0,0,0,75000,0,0,0,12,3-1,0.00229750075900978,8966.791
0,1083038.71,326819,bitmap,0,0,0,0,0,0,0,0,0,0,0,0,1,0,1,0,0,0,1,0,0,0,1,3,2,0,0,200000,0,75000,0,0,0,75000,0,0,0,12,3-1,0.00556519372203392,12976.804
0,1325924.76,487812,bitmap,0,0,0,0,0,0,0,0,0,0,0,0,1,0,1,0,0,0,1,0,0,0,1,3,2,0,0,300000,0,75000,0,0,0,75000,0,0,0,12,3-1,0.00784530710572518,13211.896
2,1348228.40,273410,bitmap,0,0,0,0,0,0,0,0,0,0,0,0,0,0,1,0,0,1,1,0,0,0,3,2,1,0,0,0,0,75000,0,0,400000,75000,0,0,0,12,3-1,0.0111072987433812,5252.125
2,1348443.64,342844,bitmap,0,0,0,0,0,0,0,0,0,0,0,0,0,0,1,0,0,1,1,0,0,0,3,2,1,0,0,0,0,75000,0,0,500000,75000,0,0,0,12,3-1,0.0134031491187318,5250.122
2,1348652.91,410349,bitmap,0,0,0,0,0,0,0,0,0,0,0,0,0,0,1,0,0,1,1,0,0,0,3,2,1,0,0,0,0,75000,0,0,600000,75000,0,0,0,12,3-1,0.0166620400355736,5224.071
2,1348877.03,482645,bitmap,0,0,0,0,0,0,0,0,0,0,0,0,0,0,1,0,0,1,1,0,0,0,3,2,1,0,0,0,0,75000,0,0,700000,75000,0,0,0,12,3-1,0.0189573069419538,5240.950
2,1349098.67,554143,bitmap,0,0,0,0,0,0,0,0,0,0,0,0,0,0,1,0,0,1,1,0,0,0,3,2,1,0,0,0,0,75000,0,0,800000,75000,0,0,0,12,3-1,0.022226550265385,5265.520
2,1349315.89,624213,bitmap,0,0,0,0,0,0,0,0,0,0,0,0,0,0,1,0,0,1,1,0,0,0,3,2,1,0,0,0,0,75000,0,0,900000,75000,0,0,0,12,3-1,0.0245111313543355,5285.091
2,1349536.72,695450,bitmap,0,0,0,0,0,0,0,0,0,0,0,0,0,0,1,0,0,1,1,0,0,0,3,2,1,0,0,0,0,75000,0,0,1000000,75000,0,0,0,12,3-1,0.0277832920226189,5238.444
2,1349749.94,764229,bitmap,0,0,0,0,0,0,0,0,0,0,0,0,0,0,1,0,0,1,1,0,0,0,3,2,1,0,0,0,0,75000,0,0,1100000,75000,0,0,0,12,3-1,0.0300723741579126,5266.586
2,1349967.86,834526,bitmap,0,0,0,0,0,0,0,0,0,0,0,0,0,0,1,0,0,1,1,0,0,0,3,2,1,0,0,0,0,75000,0,0,1200000,75000,0,0,0,13,3-1,0.0333382500318574,5276.166
2,1319073.05,642090,bitmap,0,0,0,0,0,0,0,0,0,0,0,0,0,0,1,0,0,1,1,0,0,0,3,2,1,0,0,0,0,78000,0,0,1200000,75000,0,0,0,13,3-1,0.0258615786216436,4979.179
2,1293324.07,481726,bitmap,0,0,0,0,0,0,0,0,0,0,0,0,0,0,1,0,0,1,1,0,0,0,3,2,1,0,0,0,0,81000,0,0,1200000,75000,0,0,0,13,3-1,0.0194154801186116,4550.392
2,1328401.07,343875,bitmap,0,0,0,0,0,0,0,0,0,0,0,0,0,0,1,0,0,1,1,0,0,0,3,2,1,0,0,0,0,84000,0,0,1200000,75000,0,0,0,13,3-1,0.0139531269702497,4034.683
0,1313049.68,564243,bitmap,0,0,0,0,0,0,0,0,0,0,0,0,0,0,1,0,0,1,1,0,0,0,3,2,1,0,0,0,0,87000,0,0,1200000,75000,0,0,0,13,3-1,0.00947526935094845,8322.202
0,1176109.94,364867,bitmap,0,0,0,0,0,0,0,0,0,0,0,0,0,0,1,0,0,1,1,0,0,0,3,2,1,0,0,0,0,90000,0,0,1200000,75000,0,0,0,13,3-1,0.00591432488339123,5971.719
0,981253.21,237883,bitmap,0,0,0,0,0,0,0,0,0,0,0,0,0,0,1,0,0,1,1,0,0,0,3,2,1,0,0,0,0,93000,0,0,1200000,75000,0,0,0,13,3-1,0.00326515904063831,3786.475
0,891050.14,198068,bitmap,0,0,0,0,0,0,0,0,0,0,0,0,0,0,1,0,0,1,1,0,0,0,3,2,1,0,0,0,0,95000,0,0,1200000,75000,0,0,0,13,3-1,0.00197322537579236,2391.607
2,1300847.05,484854,bitmap,0,0,0,0,0,0,0,0,0,0,0,0,0,0,1,0,0,1,1,0,0,0,3,2,1,0,0,0,0,80000,0,0,1100000,75000,0,0,0,14,3-1,0.0192624612134834,4712.126
2,1293273.32,465355,bitmap,0,0,0,0,0,0,0,0,0,0,0,0,0,0,1,0,0,1,1,0,0,0,3,2,1,0,0,0,0,81000,0,0,1160000,75000,0,0,0,14,3-1,0.0185177714312654,4550.968
2,1298494.76,442062,bitmap,0,0,0,0,0,0,0,0,0,0,0,0,0,0,1,0,0,1,1,0,0,0,3,2,1,0,0,0,0,82000,0,0,1220000,75000,0,0,0,14,3-1,0.017666956978599,4413.320
2,1317111.89,415234,bitmap,0,0,0,0,0,0,0,0,0,0,0,0,0,0,1,0,0,1,1,0,0,0,3,2,1,0,0,0,0,83000,0,0,1280000,75000,0,0,0,14,3-1,0.0163946945533272,4218.630
2,1328527.22,384569,bitmap,0,0,0,0,0,0,0,0,0,0,0,0,0,0,1,0,0,1,1,0,0,0,3,2,1,0,0,0,0,84000,0,0,1340000,75000,0,0,0,14,3-1,0.015305324644469,4049.688
2,1329945.37,358200,bitmap,0,0,0,0,0,0,0,0,0,0,0,0,0,0,1,0,0,1,1,0,0,0,3,2,1,0,0,0,0,85000,0,0,1400000,75000,0,0,0,14,3-1,0.0144085661780175,3784.034
2,1321709.88,329962,bitmap,0,0,0,0,0,0,0,0,0,0,0,0,0,0,1,0,0,1,1,0,0,0,3,2,1,0,0,0,0,86000,0,0,1460000,75000,0,0,0,14,3-1,0.0129861855219277,3535.675
0,1313467.65,716233,bitmap,0,0,0,0,0,0,0,0,0,0,0,0,0,0,1,0,0,1,1,0,0,0,3,2,1,0,0,0,0,87000,0,0,1520000,75000,0,0,0,14,3-1,0.0117414795026017,8355.613
0,1280565.40,649462,bitmap,0,0,0,0,0,0,0,0,0,0,0,0,0,0,1,0,0,1,1,0,0,0,3,2,1,0,0,0,0,88000,0,0,1580000,75000,0,0,0,14,3-1,0.010669380275268,7446.108
0,1237175.48,585612,bitmap,0,0,0,0,0,0,0,0,0,0,0,0,0,0,1,0,0,1,1,0,0,0,3,2,1,0,0,0,0,89000,0,0,1640000,75000,0,0,0,14,3-1,0.00944527904586886,6803.609
0,1176528.09,516922,bitmap,0,0,0,0,0,0,0,0,0,0,0,0,0,0,1,0,0,1,1,0,0,0,3,2,1,0,0,0,0,90000,0,0,1700000,75000,0,0,0,14,3-1,0.00816843222154377,5979.095
0,1093206.18,441514,bitmap,0,0,0,0,0,0,0,0,0,0,0,0,0,0,1,0,0,1,1,0,0,0,3,2,1,0,0,0,0,91000,0,0,1760000,75000,0,0,0,14,3-1,0.00710025057158287,5252.512
0,1020592.42,391049,bitmap,0,0,0,0,0,0,0,0,0,0,0,0,0,0,1,0,0,1,1,0,0,0,3,2,1,0,0,0,0,92000,0,0,1820000,75000,0,0,0,14,3-1,0.00608488119871599,4531.801
0,981625.53,373272,bitmap,0,0,0,0,0,0,0,0,0,0,0,0,0,0,1,0,0,1,1,0,0,0,3,2,1,0,0,0,0,93000,0,0,1880000,75000,0,0,0,14,3-1,0.00496945523269309,3797.484
0,938709.14,352943,bitmap,0,0,0,0,0,0,0,0,0,0,0,0,0,0,1,0,0,1,1,0,0,0,3,2,1,0,0,0,0,94000,0,0,1940000,75000,0,0,0,14,3-1,0.0040250523571713,3083.491
0,891414.99,330743,bitmap,0,0,0,0,0,0,0,0,0,0,0,0,0,0,1,0,0,1,1,0,0,0,3,2,1,0,0,0,0,95000,0,0,2000000,75000,0,0,0,14,3-1,0.00328741421422433,2395.826
2,1300549.20,388772,bitmap,0,0,0,0,0,0,0,0,0,0,0,0,0,0,1,0,0,1,1,0,0,0,3,2,1,0,0,0,0,80000,0,0,1200000,55000,0,0,0,15,3-1,0.0156654917046383,4696.895
2,1292945.35,359561,bitmap,0,0,0,0,0,0,0,0,0,0,0,0,0,0,1,0,0,1,1,0,0,0,3,2,1,0,0,0,0,81000,0,0,1200000,56000,0,0,0,15,3-1,0.0144320549717124,4558.670
2,1298147.40,330009,bitmap,0,0,0,0,0,0,0,0,0,0,0,0,0,0,1,0,0,1,1,0,0,0,3,2,1,0,0,0,0,82000,0,0,1200000,57000,0,0,0,15,3-1,0.0132245742726993,4388.013
2,1316756.67,300647,bitmap,0,0,0,0,0,0,0,0,0,0,0,0,0,0,1,0,0,1,1,0,0,0,3,2,1,0,0,0,0,83000,0,0,1200000,58000,0,0,0,15,3-1,0.0120401322627467,4217.106
2,1328172.62,270179,bitmap,0,0,0,0,0,0,0,0,0,0,0,0,0,0,1,0,0,1,1,0,0,0,3,2,1,0,0,0,0,84000,0,0,1200000,59000,0,0,0,15,3-1,0.0109058352431662,4056.665
2,1329593.58,244719,bitmap,0,0,0,0,0,0,0,0,0,0,0,0,0,0,1,0,0,1,1,0,0,0,3,2,1,0,0,0,0,85000,0,0,1200000,60000,0,0,0,15,3-1,0.00981218100501097,3766.843
2,1321369.58,220188,bitmap,0,0,0,0,0,0,0,0,0,0,0,0,0,0,1,0,0,1,1,0,0,0,3,2,1,0,0,0,0,86000,0,0,1200000,61000,0,0,0,15,3-1,0.00876365392408222,3530.833
0,1312780.38,466318,bitmap,0,0,0,0,0,0,0,0,0,0,0,0,0,0,1,0,0,1,1,0,0,0,3,2,1,0,0,0,0,87000,0,0,1200000,62000,0,0,0,15,3-1,0.00776773907374334,8357.253
0,1279915.97,413306,bitmap,0,0,0,0,0,0,0,0,0,0,0,0,0,0,1,0,0,1,1,0,0,0,3,2,1,0,0,0,0,88000,0,0,1200000,63000,0,0,0,15,3-1,0.00680703240813381,7443.338
0,1236570.19,365505,bitmap,0,0,0,0,0,0,0,0,0,0,0,0,0,0,1,0,0,1,1,0,0,0,3,2,1,0,0,0,0,89000,0,0,1200000,64000,0,0,0,15,3-1,0.00592479398377476,6760.481
0,1175975.36,315929,bitmap,0,0,0,0,0,0,0,0,0,0,0,0,0,0,1,0,0,1,1,0,0,0,3,2,1,0,0,0,0,90000,0,0,1200000,65000,0,0,0,15,3-1,0.0050751798101332,6003.783
0,1092719.58,264572,bitmap,0,0,0,0,0,0,0,0,0,0,0,0,0,0,1,0,0,1,1,0,0,0,3,2,1,0,0,0,0,91000,0,0,1200000,66000,0,0,0,15,3-1,0.00429503178505563,5256.377
0,1020150.04,230184,bitmap,0,0,0,0,0,0,0,0,0,0,0,0,0,0,1,0,0,1,1,0,0,0,3,2,1,0,0,0,0,92000,0,0,1200000,67000,0,0,0,15,3-1,0.0035810491412237,4513.531
0,981191.68,215508,bitmap,0,0,0,0,0,0,0,0,0,0,0,0,0,0,1,0,0,1,1,0,0,0,3,2,1,0,0,0,0,93000,0,0,1200000,68000,0,0,0,15,3-1,0.00292859746795805,3790.040
0,938289.04,200180,bitmap,0,0,0,0,0,0,0,0,0,0,0,0,0,0,1,0,0,1,1,0,0,0,3,2,1,0,0,0,0,94000,0,0,1200000,69000,0,0,0,15,3-1,0.00233472607932257,3067.941
0,891050.14,198068,bitmap,0,0,0,0,0,0,0,0,0,0,0,0,0,0,1,0,0,1,1,0,0,0,3,2,1,0,0,0,0,95000,0,0,1200000,75000,0,0,0,15,3-1,0.00197322537579236,2393.702
0,909902.28,137701,bitmap,0,0,0,0,0,0,0,0,0,0,0,0,1,1,1,0,0,0,0,0,0,0,2,1,3,0,0,250000,25000,75000,0,0,0,0,0,0,0,16,3-1,0.00218664165462998,13884.377
0,1114029.18,196241,bitmap,0,0,0,0,0,0,0,0,0,0,0,0,1,1,1,0,0,0,0,0,0,0,2,1,3,0,0,300000,30000,75000,0,0,0,0,0,0,0,16,3-1,0.00311209012388413,14159.526
2,1347727.45,111813,bitmap,0,0,0,0,0,0,0,0,0,0,0,0,0,0,1,0,0,1,1,0,0,0,3,2,1,0,0,0,0,75000,0,0,350000,35000,0,0,0,16,3-1,0.00431955415235528,5239.240
2,1347834.34,146295,bitmap,0,0,0,0,0,0,0,0,0,0,0,0,0,0,1,0,0,1,1,0,0,0,3,2,1,0,0,0,0,75000,0,0,400000,40000,0,0,0,16,3-1,0.00586688052082507,5247.382
2,1347956.11,185577,bitmap,0,0,0,0,0,0,0,0,0,0,0,0,0,0,1,0,0,1,1,0,0,0,3,2,1,0,0,0,0,75000,0,0,450000,45000,0,0,0,16,3-1,0.00723808261293809,5234.573
2,1348089.64,228648,bitmap,0,0,0,0,0,0,0,0,0,0,0,0,0,0,1,0,0,1,1,0,0,0,3,2,1,0,0,0,0,75000,0,0,500000,50000,0,0,0,16,3-1,0.00892029033682697,5217.942
2,1348237.36,276301,bitmap,0,0,0,0,0,0,0,0,0,0,0,0,0,0,1,0,0,1,1,0,0,0,3,2,1,0,0,0,0,75000,0,0,550000,55000,0,0,0,16,3-1,0.0108724108064321,5235.415
2,1348397.50,327958,bitmap,0,0,0,0,0,0,0,0,0,0,0,0,0,0,1,0,0,1,1,0,0,0,3,2,1,0,0,0,0,75000,0,0,600000,60000,0,0,0,16,3-1,0.0132619662984322,5231.780
2,1348581.97,387466,bitmap,0,0,0,0,0,0,0,0,0,0,0,0,0,0,1,0,0,1,1,0,0,0,3,2,1,0,0,0,0,75000,0,0,650000,65000,0,0,0,16,3-1,0.0152750342696332,5261.714
2,1348774.07,449433,bitmap,0,0,0,0,0,0,0,0,0,0,0,0,0,0,1,0,0,1,1,0,0,0,3,2,1,0,0,0,0,75000,0,0,700000,70000,0,0,0,16,3-1,0.0176492695335242,5267.350
2,1348989.67,518982,bitmap,0,0,0,0,0,0,0,0,0,0,0,0,0,0,1,0,0,1,1,0,0,0,3,2,1,0,0,0,0,75000,0,0,750000,75000,0,0,0,16,3-1,0.0204657909475356,5286.581
2,1349211.13,590422,bitmap,0,0,0,0,0,0,0,0,0,0,0,0,0,0,1,0,0,1,1,0,0,0,3,2,1,0,0,0,0,75000,0,0,800000,80000,0,0,0,16,3-1,0.023661633874488,5263.744
2,1349451.01,667800,bitmap,0,0,0,0,0,0,0,0,0,0,0,0,0,0,1,0,0,1,1,0,0,0,3,2,1,0,0,0,0,75000,0,0,850000,85000,0,0,0,16,3-1,0.0262877276870963,5243.277
2,1349702.66,748980,bitmap,0,0,0,0,0,0,0,0,0,0,0,0,0,0,1,0,0,1,1,0,0,0,3,2,1,0,0,0,0,75000,0,0,900000,90000,0,0,0,16,3-1,0.0293442215533704,5249.493
