workers,cost,rows,type,parallel,i_q,i_p,i_s,i_e,i_d,i_o_q,i_o_p,i_o_s,i_o_e,i_o_d,b_i_q,b_i_p,b_i_s,b_i_e,b_i_d,s_q,s_p,s_s,s_e,s_d,o_q,o_p,o_s,o_e,o_d,v_i_q,v_i_p,v_i_s,v_i_e,v_i_d,v_f_q,v_f_p,v_f_s,v_f_e,v_f_d,forced_parallel,query,selectivity,latency
2,1549236.07,8331396,scan,1,0,0,0,0,0,0,0,0,0,0,0,0,0,0,0,1,0,0,0,0,1,0,0,0,0,0,0,0,0,0,2,0,0,0,0,0,2,0.0200017664106316,3013.798
2,1549236.07,8331396,scan,1,0,0,0,0,0,0,0,0,0,0,0,0,0,0,0,1,0,0,0,0,1,0,0,0,0,0,0,0,0,0,3,0,0,0,0,0,2,0.0399808608841269,3013.334
2,1549236.07,8331396,scan,1,0,0,0,0,0,0,0,0,0,0,0,0,0,0,0,1,0,0,0,0,1,0,0,0,0,0,0,0,0,0,4,0,0,0,0,0,2,0.0600066495457977,3083.794
0,372055.49,126627,bitmap,0,0,0,0,0,0,0,0,0,0,0,0,0,1,0,0,0,0,0,0,0,0,0,1,0,0,0,0,200,0,0,0,0,0,0,0,0,3,0.0019884289101073,2142.749
0,617665.90,247831,bitmap,0,0,0,0,0,0,0,0,0,0,0,0,0,1,0,0,0,0,0,0,0,0,0,1,0,0,0,0,400,0,0,0,0,0,0,0,0,3,0.00399019425382421,2150.096
0,792518.61,363036,bitmap,0,0,0,0,0,0,0,0,0,0,0,0,0,1,0,0,0,0,0,0,0,0,0,1,0,0,0,0,600,0,0,0,0,0,0,0,0,3,0.0059919429269991,2158.527
0,927020.81,478241,bitmap,0,0,0,0,0,0,0,0,0,0,0,0,0,1,0,0,0,0,0,0,0,0,0,1,0,0,0,0,800,0,0,0,0,0,0,0,0,3,0.00798275572461411,2161.223
0,1031337.75,593446,bitmap,0,0,0,0,0,0,0,0,0,0,0,0,0,1,0,0,0,0,0,0,0,0,0,1,0,0,0,0,1000,0,0,0,0,0,0,0,0,3,0.00998722169613696,2166.221
0,1115662.26,713900,bitmap,0,0,0,0,0,0,0,0,0,0,0,0,0,1,0,0,0,0,0,0,0,0,0,1,0,0,0,0,1200,0,0,0,0,0,0,0,0,3,0.0119918710436219,2172.963
0,1180237.50,834216,bitmap,0,0,0,0,0,0,0,0,0,0,0,0,0,1,0,0,0,0,0,0,0,0,0,1,0,0,0,0,1400,0,0,0,0,0,0,0,0,3,0.0139892687053317,2178.224
0,1227228.34,948533,bitmap,0,0,0,0,0,0,0,0,0,0,0,0,0,1,0,0,0,0,0,0,0,0,0,1,0,0,0,0,1600,0,0,0,0,0,0,0,0,3,0.0159916675296451,2172.871
0,1263017.35,1062850,bitmap,0,0,0,0,0,0,0,0,0,0,0,0,0,1,0,0,0,0,0,0,0,0,0,1,0,0,0,0,1800,0,0,0,0,0,0,0,0,3,0.0180007845823893,2180.213
0,1289725.54,1177167,bitmap,0,0,0,0,0,0,0,0,0,0,0,0,0,1,0,0,0,0,0,0,0,0,0,1,0,0,0,0,2000,0,0,0,0,0,0,0,0,3,0.0199948814767806,2178.787
0,1308227.35,1285755,bitmap,0,0,0,0,0,0,0,0,0,0,0,0,0,1,0,0,0,0,0,0,0,0,0,1,0,0,0,0,2200,0,0,0,0,0,0,0,0,3,0.0219959799988171,2189.182
0,1320916.02,1391325,bitmap,0,0,0,0,0,0,0,0,0,0,0,0,0,1,0,0,0,0,0,0,0,0,0,1,0,0,0,0,2400,0,0,0,0,0,0,0,0,3,0.0239903602924226,2184.667
0,1329621.50,1502895,bitmap,0,0,0,0,0,0,0,0,0,0,0,0,0,1,0,0,0,0,0,0,0,0,0,1,0,0,0,0,2600,0,0,0,0,0,0,0,0,3,0.0259950263104496,2182.346
0,1334152.05,1608465,bitmap,0,0,0,0,0,0,0,0,0,0,0,0,0,1,0,0,0,0,0,0,0,0,0,1,0,0,0,0,2800,0,0,0,0,0,0,0,0,3,0.0279854556855984,6636.851
2,1321626.66,716681,bitmap,0,0,0,0,0,0,0,0,0,0,0,0,0,1,0,0,0,0,0,0,0,0,0,1,0,0,0,0,3000,0,0,0,0,0,0,0,0,3,0.0299814530217791,2984.516
2,1319552.77,761016,bitmap,0,0,0,0,0,0,0,0,0,0,0,0,0,1,0,0,0,0,0,0,0,0,0,1,0,0,0,0,3200,0,0,0,0,0,0,0,0,3,0.0319848354080712,3058.452
2,1314212.52,814933,bitmap,0,0,0,0,0,0,0,0,0,0,0,0,0,1,0,0,0,0,0,0,0,0,0,1,0,0,0,0,3400,0,0,0,0,0,0,0,0,3,0.0339856672014354,3150.743
2,1306353.95,868851,bitmap,0,0,0,0,0,0,0,0,0,0,0,0,0,1,0,0,0,0,0,0,0,0,0,1,0,0,0,0,3600,0,0,0,0,0,0,0,0,3,0.035986949099434,3218.299
2,1295977.78,925268,bitmap,0,0,0,0,0,0,0,0,0,0,0,0,0,1,0,0,0,0,0,0,0,0,0,1,0,0,0,0,3800,0,0,0,0,0,0,0,0,3,0.0379797123504644,3287.147
2,1284430.78,979185,bitmap,0,0,0,0,0,0,0,0,0,0,0,0,0,1,0,0,0,0,0,0,0,0,0,1,0,0,0,0,4000,0,0,0,0,0,0,0,0,3,0.0399716754154783,3313.510
0,471517.43,116845,bitmap,0,0,0,0,0,0,0,0,0,0,0,1,0,0,0,1,0,0,0,0,0,2,0,0,0,1,2,0,0,0,0.01,0,0,0,0,0,0,4,0.00182125671481097,7682.586
0,812502.20,232752,bitmap,0,0,0,0,0,0,0,0,0,0,0,1,0,0,0,1,0,0,0,0,0,2,0,0,0,1,2,0,0,0,0.02,0,0,0,0,0,0,4,0.00363316125555321,8068.795
0,1084107.76,344606,bitmap,0,0,0,0,0,0,0,0,0,0,0,1,0,0,0,1,0,0,0,0,0,2,0,0,0,1,2,0,0,0,0.03,0,0,0,0,0,0,4,0.00545213410610853,8350.270
0,1308310.54,461324,bitmap,0,0,0,0,0,0,0,0,0,0,0,1,0,0,0,0,0,0,0,0,1,1,0,0,0,2,2,0,0,0,0,0,0,0,0,0.04,0,4,0.00727362420850767,7177.181
0,1308634.56,579150,bitmap,0,0,0,0,0,0,0,0,0,0,0,1,0,0,0,0,0,0,0,0,1,1,0,0,0,2,2,0,0,0,0,0,0,0,0,0.05,0,4,0.00910306615944653,7178.983
0,1308945.56,692242,bitmap,0,0,0,0,0,0,0,0,0,0,0,1,0,0,0,0,0,0,0,0,1,1,0,0,0,2,2,0,0,0,0,0,0,0,0,0.06,0,4,0.0109216055759095,7192.114
0,1309264.89,808362,bitmap,0,0,0,0,0,0,0,0,0,0,0,1,0,0,0,0,0,0,0,0,1,1,0,0,0,2,2,0,0,0,0,0,0,0,0,0.07,0,4,0.012740711790801,7189.449
0,1309595.49,928578,bitmap,0,0,0,0,0,0,0,0,0,0,0,1,0,0,0,0,0,0,0,0,1,1,0,0,0,2,2,0,0,0,0,0,0,0,0,0.08,0,4,0.0145593845716001,7197.439
0,1309913.41,1044186,bitmap,0,0,0,0,0,0,0,0,0,0,0,1,0,0,0,0,0,0,0,0,1,1,0,0,0,2,2,0,0,0,0,0,0,0,0,0.09,0,4,0.0163651376823399,7196.730
0,1310244.00,1164401,bitmap,0,0,0,0,0,0,0,0,0,0,0,1,0,0,0,0,0,0,0,0,1,1,0,0,0,2,2,0,0,0,0,0,0,0,0,0.10,0,4,0.0181899952342254,7206.838
0,1310561.34,1279796,bitmap,0,0,0,0,0,0,0,0,0,0,0,1,0,0,0,0,0,0,0,0,1,1,0,0,0,2,2,0,0,0,0,0,0,0,0,0.11,0,4,0.0200017664106316,7207.689
0,1310561.34,1279796,bitmap,0,0,0,0,0,0,0,0,0,0,0,1,0,0,0,0,0,0,0,0,1,1,0,0,0,2,2,0,0,0,0,0,0,0,0,0.12,0,4,0.0200017664106316,7210.738
0,1310561.34,1279796,bitmap,0,0,0,0,0,0,0,0,0,0,0,1,0,0,0,0,0,0,0,0,1,1,0,0,0,2,2,0,0,0,0,0,0,0,0,0.13,0,4,0.0200017664106316,7205.318
0,1310561.34,1279796,bitmap,0,0,0,0,0,0,0,0,0,0,0,1,0,0,0,0,0,0,0,0,1,1,0,0,0,2,2,0,0,0,0,0,0,0,0,0.14,0,4,0.0200017664106316,7211.146
0,1310561.34,1279796,bitmap,0,0,0,0,0,0,0,0,0,0,0,1,0,0,0,0,0,0,0,0,1,1,0,0,0,2,2,0,0,0,0,0,0,0,0,0.15,0,4,0.0200017664106316,7204.767
0,471517.43,116845,bitmap,0,0,0,0,0,0,0,0,0,0,0,1,0,0,0,1,0,0,0,0,0,2,0,0,0,1,2,0,0,0,0.01,0,0,0,0,0,0,5,0.00182125671481097,7685.321
0,716995.70,223467,bitmap,0,0,0,0,0,0,0,0,0,0,0,1,0,0,0,1,0,0,0,0,0,2,0,0,0,1,3,0,0,0,0.01,0,0,0,0,0,0,5,0.0036343948756621,10551.449
0,917839.39,335018,bitmap,0,0,0,0,0,0,0,0,0,0,0,1,0,0,0,1,0,0,0,0,0,2,0,0,0,1,4,0,0,0,0.01,0,0,0,0,0,0,5,0.0054490333852943,11635.879
0,1084873.28,452046,bitmap,0,0,0,0,0,0,0,0,0,0,0,1,0,0,0,1,0,0,0,0,0,2,0,0,0,1,5,0,0,0,0.01,0,0,0,0,0,0,5,0.0072631050964981,12056.597
0,1204678.93,555563,bitmap,0,0,0,0,0,0,0,0,0,0,0,1,0,0,0,1,0,0,0,0,0,1,0,0,0,2,6,0,0,0,0.01,0,0,0,0,0,0,5,0.00908557876087594,12245.434
0,1311753.50,667844,bitmap,0,0,0,0,0,0,0,0,0,0,0,1,0,0,0,1,0,0,0,0,0,1,0,0,0,2,7,0,0,0,0.01,0,0,0,0,0,0,5,0.0108956495419969,12339.774
0,1397013.44,775926,bitmap,0,0,0,0,0,0,0,0,0,0,0,1,0,0,0,1,0,0,0,0,0,1,0,0,0,2,8,0,0,0,0.01,0,0,0,0,0,0,5,0.0127067705672645,12448.325
2,1352509.86,369858,bitmap,0,0,0,0,0,0,0,0,0,0,0,0,0,0,0,1,1,0,0,0,0,2,0,0,0,1,0,0,0,0,0.01,9,0,0,0,0,0,5,0.014524559809337,5003.488
2,1352648.29,414512,bitmap,0,0,0,0,0,0,0,0,0,0,0,0,0,0,0,1,1,0,0,0,0,2,0,0,0,1,0,0,0,0,0.01,10,0,0,0,0,0,5,0.016337531264768,4990.948
2,1352790.26,460307,bitmap,0,0,0,0,0,0,0,0,0,0,0,0,0,0,0,1,1,0,0,0,0,2,0,0,0,1,0,0,0,0,0.01,11,0,0,0,0,0,5,0.0181655562196359,4985.159
2,1352930.57,505569,bitmap,0,0,0,0,0,0,0,0,0,0,0,0,0,0,0,1,1,0,0,0,0,2,0,0,0,1,0,0,0,0,0.01,12,0,0,0,0,0,5,0.0199775441130882,4998.374
2,1353073.24,551592,bitmap,0,0,0,0,0,0,0,0,0,0,0,0,0,0,0,1,1,0,0,0,0,2,0,0,0,1,0,0,0,0,0.01,13,0,0,0,0,0,5,0.021790298851473,5010.557
2,1353212.61,596550,bitmap,0,0,0,0,0,0,0,0,0,0,0,0,0,0,0,1,1,0,0,0,0,2,0,0,0,1,0,0,0,0,0.01,14,0,0,0,0,0,5,0.0236072378959029,4972.878
0,552010.70,211194,bitmap,0,0,0,0,0,0,0,0,0,0,0,0,0,0,1,0,0,0,0,0,0,0,0,0,1,0,0,0,0,100000,0,0,0,0,0,0,0,6,0.000684325749592589,190.756
0,628975.39,253864,bitmap,0,0,0,0,0,0,0,0,0,0,0,0,0,0,1,0,0,0,0,0,0,0,0,0,1,0,0,0,0,99000,0,0,0,0,0,0,0,6,0.00109952226894345,302.988
0,698441.19,296534,bitmap,0,0,0,0,0,0,0,0,0,0,0,0,0,0,1,0,0,0,0,0,0,0,0,0,1,0,0,0,0,98000,0,0,0,0,0,0,0,6,0.00165030030647791,693.962
0,761315.78,339204,bitmap,0,0,0,0,0,0,0,0,0,0,0,0,0,0,1,0,0,0,0,0,0,0,0,0,1,0,0,0,0,97000,0,0,0,0,0,0,0,6,0.00237301831432414,1304.580
0,818350.09,381874,bitmap,0,0,0,0,0,0,0,0,0,0,0,0,0,0,1,0,0,0,0,0,0,0,0,0,1,0,0,0,0,96000,0,0,0,0,0,0,0,6,0.00326092472296727,1736.049
0,870164.57,424544,bitmap,0,0,0,0,0,0,0,0,0,0,0,0,0,0,1,0,0,0,0,0,0,0,0,0,1,0,0,0,0,95000,0,0,0,0,0,0,0,6,0.00438410249102575,2394.251
0,917296.93,467214,bitmap,0,0,0,0,0,0,0,0,0,0,0,0,0,0,1,0,0,0,0,0,0,0,0,0,1,0,0,0,0,94000,0,0,0,0,0,0,0,6,0.00569349021335826,3085.967
0,960208.27,509883,bitmap,0,0,0,0,0,0,0,0,0,0,0,0,0,0,1,0,0,0,0,0,0,0,0,0,1,0,0,0,0,93000,0,0,0,0,0,0,0,6,0.00723868275245052,3801.029
0,999301.86,552553,bitmap,0,0,0,0,0,0,0,0,0,0,0,0,0,0,1,0,0,0,0,0,0,0,0,0,1,0,0,0,0,92000,0,0,0,0,0,0,0,6,0.00897878726874708,4522.858
0,1034930.28,595223,bitmap,0,0,0,0,0,0,0,0,0,0,0,0,0,0,1,0,0,0,0,0,0,0,0,0,1,0,0,0,0,91000,0,0,0,0,0,0,0,6,0.0109341751645866,5259.582
0,1135501.33,742785,bitmap,0,0,0,0,0,0,0,0,0,0,0,0,0,0,1,0,0,0,0,0,0,0,0,0,1,0,0,0,0,90000,0,0,0,0,0,0,0,6,0.0131108811761774,5983.799
0,1208730.33,891797,bitmap,0,0,0,0,0,0,0,0,0,0,0,0,0,0,1,0,0,0,0,0,0,0,0,0,1,0,0,0,0,89000,0,0,0,0,0,0,0,6,0.0155485311818821,6727.484
0,1260696.67,1040810,bitmap,0,0,0,0,0,0,0,0,0,0,0,0,0,0,1,0,0,0,0,0,0,0,0,0,1,0,0,0,0,88000,0,0,0,0,0,0,0,6,0.0181422508019031,7433.011
0,1296561.90,1189822,bitmap,0,0,0,0,0,0,0,0,0,0,0,0,0,0,1,0,0,0,0,0,0,0,0,0,1,0,0,0,0,87000,0,0,0,0,0,0,0,6,0.0210210200197873,8332.128
0,1325223.05,1383624,bitmap,0,0,0,0,0,0,0,0,0,0,0,0,0,0,1,0,0,0,0,0,0,0,0,0,1,0,0,0,0,86000,0,0,0,0,0,0,0,6,0.0241060371834439,8804.840
0,1338963.09,1577969,bitmap,0,0,0,0,0,0,0,0,0,0,0,0,0,0,1,0,0,0,0,0,0,0,0,0,1,0,0,0,0,85000,0,0,0,0,0,0,0,6,0.0274252587918271,9466.792
2,1327398.79,738465,bitmap,0,0,0,0,0,0,0,0,0,0,0,0,0,0,1,0,0,0,0,0,0,0,0,0,1,0,0,0,0,84000,0,0,0,0,0,0,0,6,0.0309781013759665,4120.756
2,1319219.06,832577,bitmap,0,0,0,0,0,0,0,0,0,0,0,0,0,0,1,0,0,0,0,0,0,0,0,0,1,0,0,0,0,83000,0,0,0,0,0,0,0,6,0.0347786848849463,4315.743
2,1303634.55,927795,bitmap,0,0,0,0,0,0,0,0,0,0,0,0,0,0,1,0,0,0,0,0,0,0,0,0,1,0,0,0,0,82000,0,0,0,0,0,0,0,6,0.0388314103418575,4508.162
2,1286772.07,1030098,bitmap,0,0,0,0,0,0,0,0,0,0,0,0,0,0,1,0,0,0,0,0,0,0,0,0,1,0,0,0,0,81000,0,0,0,0,0,0,0,6,0.0430938845583637,4629.003
2,1294862.71,1147795,bitmap,0,0,0,0,0,0,0,0,0,0,0,0,0,0,1,0,0,0,0,0,0,0,0,0,1,0,0,0,0,80000,0,0,0,0,0,0,0,6,0.0476064835872179,4802.329
0,522794.32,141719,bitmap,0,0,0,0,0,0,0,0,0,0,0,0,1,0,1,0,0,0,0,0,0,0,2,0,1,0,0,100000,0,80000,0,0,0,0,0,0,0,7,0.00186211621328238,8272.916
0,845791.45,282658,bitmap,0,0,0,0,0,0,0,0,0,0,0,0,1,0,1,0,0,0,0,0,0,0,1,0,2,0,0,200000,0,80000,0,0,0,0,0,0,0,7,0.00476915867041892,11765.227
0,1077369.11,414067,bitmap,0,0,0,0,0,0,0,0,0,0,0,0,1,0,1,0,0,0,0,0,0,0,1,0,2,0,0,300000,0,80000,0,0,0,0,0,0,0,7,0.00661955549266686,11948.539
0,1273355.42,553804,bitmap,0,0,0,0,0,0,0,0,0,0,0,0,1,0,1,0,0,0,0,0,0,0,1,0,2,0,0,400000,0,80000,0,0,0,0,0,0,0,7,0.00952959864736556,12079.031
2,1295061.08,286146,bitmap,0,0,0,0,0,0,0,0,0,0,0,0,0,0,1,0,0,1,0,0,0,0,2,0,1,0,0,0,0,80000,0,0,500000,0,0,0,0,7,0.0113955990969367,4780.910
2,1295243.12,344867,bitmap,0,0,0,0,0,0,0,0,0,0,0,0,0,0,1,0,0,1,0,0,0,0,2,0,1,0,0,0,0,80000,0,0,600000,0,0,0,0,7,0.0142989907053726,4792.916
2,1295422.97,402883,bitmap,0,0,0,0,0,0,0,0,0,0,0,0,0,0,1,0,0,1,0,0,0,0,2,0,1,0,0,0,0,80000,0,0,700000,0,0,0,0,7,0.016156855930442,4766.397
2,1295603.36,461073,bitmap,0,0,0,0,0,0,0,0,0,0,0,0,0,0,1,0,0,1,0,0,0,0,2,0,1,0,0,0,0,80000,0,0,800000,0,0,0,0,7,0.0190679159882034,4803.784
2,1295781.06,518398,bitmap,0,0,0,0,0,0,0,0,0,0,0,0,0,0,1,0,0,1,0,0,0,0,2,0,1,0,0,0,0,80000,0,0,900000,0,0,0,0,7,0.0209264813760372,4782.586
2,1295960.94,576423,bitmap,0,0,0,0,0,0,0,0,0,0,0,0,0,0,1,0,0,1,0,0,0,0,2,0,1,0,0,0,0,80000,0,0,1000000,0,0,0,0,7,0.0238313066510862,4785.842
2,1296135.83,632838,bitmap,0,0,0,0,0,0,0,0,0,0,0,0,0,0,1,0,0,1,0,0,0,0,2,0,1,0,0,0,0,80000,0,0,1100000,0,0,0,0,7,0.0256880882909247,4798.977
2,1296312.25,689747,bitmap,0,0,0,0,0,0,0,0,0,0,0,0,0,0,1,0,0,1,0,0,0,0,2,0,1,0,0,0,0,80000,0,0,1200000,0,0,0,0,7,0.0285925134729653,4801.099
2,1296489.01,746768,bitmap,0,0,0,0,0,0,0,0,0,0,0,0,0,0,1,0,0,1,0,0,0,0,2,0,1,0,0,0,0,80000,0,0,1300000,0,0,0,0,7,0.0304496451941861,4796.691
2,1296667.30,804282,bitmap,0,0,0,0,0,0,0,0,0,0,0,0,0,0,1,0,0,1,0,0,0,0,2,0,1,0,0,0,0,80000,0,0,1400000,0,0,0,0,7,0.0333392169232941,4797.523
2,1296853.16,864235,bitmap,0,0,0,0,0,0,0,0,0,0,0,0,0,0,1,0,0,1,0,0,0,0,2,0,1,0,0,0,0,80000,0,0,1500000,0,0,0,0,7,0.0351980657103421,4826.748
2,1297030.08,921308,bitmap,0,0,0,0,0,0,0,0,0,0,0,0,0,0,1,0,0,1,0,0,0,0,2,0,1,0,0,0,0,80000,0,0,1600000,0,0,0,0,7,0.0380931887299401,4831.174
2,1297208.47,978850,bitmap,0,0,0,0,0,0,0,0,0,0,0,0,0,0,1,0,0,1,0,0,0,0,2,0,1,0,0,0,0,80000,0,0,1700000,0,0,0,0,7,0.0399451692536792,4827.693
2,1297383.71,1035380,bitmap,0,0,0,0,0,0,0,0,0,0,0,0,0,0,1,0,0,1,0,0,0,0,2,0,1,0,0,0,0,80000,0,0,1800000,0,0,0,0,7,0.0428527618387021,4823.039
2,1297557.43,1091421,bitmap,0,0,0,0,0,0,0,0,0,0,0,0,0,0,1,0,0,1,0,0,0,0,2,0,1,0,0,0,0,80000,0,0,1900000,0,0,0,0,7,0.0447069428739868,4845.880
2,1297732.19,1147795,bitmap,0,0,0,0,0,0,0,0,0,0,0,0,0,0,1,0,0,1,0,0,0,0,2,0,1,0,0,0,0,80000,0,0,2000000,0,0,0,0,7,0.0476064835872179,4829.110
0,513401.81,138199,bitmap,0,0,0,0,0,0,0,0,0,0,0,0,0,1,1,0,0,0,0,0,0,0,0,2,1,0,0,0,5000,80000,0,0,0,0,0,0,0,8,0.00226929420192547,8344.722
0,838848.71,279167,bitmap,0,0,0,0,0,0,0,0,0,0,0,0,0,1,1,0,0,0,0,0,0,0,0,1,2,0,0,0,10000,80000,0,0,0,0,0,0,0,8,0.00459475145988938,11820.892
0,1086948.40,420209,bitmap,0,0,0,0,0,0,0,0,0,0,0,0,0,1,1,0,0,0,0,0,0,0,0,1,2,0,0,0,15000,80000,0,0,0,0,0,0,0,8,0.00697878900248344,12012.453
0,1279923.32,559058,bitmap,0,0,0,0,0,0,0,0,0,0,0,0,0,1,1,0,0,0,0,0,0,0,0,1,2,0,0,0,20000,80000,0,0,0,0,0,0,0,8,0.00940883724103063,12158.642
2,1295075.21,290702,bitmap,0,0,0,0,0,0,0,0,0,0,0,0,0,0,1,0,0,0,1,0,0,0,0,2,1,0,0,0,0,80000,0,0,0,25000,0,0,0,8,0.0118916977566718,4794.227
2,1295254.17,348431,bitmap,0,0,0,0,0,0,0,0,0,0,0,0,0,0,1,0,0,0,1,0,0,0,0,2,1,0,0,0,0,80000,0,0,0,30000,0,0,0,8,0.0141713943768128,4802.468
2,1295430.70,405376,bitmap,0,0,0,0,0,0,0,0,0,0,0,0,0,0,1,0,0,0,1,0,0,0,0,2,1,0,0,0,0,80000,0,0,0,35000,0,0,0,8,0.0165035698632075,4792.266
2,1295607.99,462569,bitmap,0,0,0,0,0,0,0,0,0,0,0,0,0,0,1,0,0,0,1,0,0,0,0,2,1,0,0,0,0,80000,0,0,0,40000,0,0,0,8,0.0188863737856927,4811.022
2,1295781.41,518509,bitmap,0,0,0,0,0,0,0,0,0,0,0,0,0,0,1,0,0,0,1,0,0,0,0,2,1,0,0,0,0,80000,0,0,0,45000,0,0,0,8,0.0213164720358659,4814.887
2,1295958.31,575574,bitmap,0,0,0,0,0,0,0,0,0,0,0,0,0,0,1,0,0,0,1,0,0,0,0,2,1,0,0,0,0,80000,0,0,0,50000,0,0,0,8,0.0237993658925912,4804.435
2,1296142.90,635118,bitmap,0,0,0,0,0,0,0,0,0,0,0,0,0,0,1,0,0,0,1,0,0,0,0,2,1,0,0,0,0,80000,0,0,0,55000,0,0,0,8,0.0260763452143842,4817.022
2,1296314.74,690551,bitmap,0,0,0,0,0,0,0,0,0,0,0,0,0,0,1,0,0,0,1,0,0,0,0,2,1,0,0,0,0,80000,0,0,0,60000,0,0,0,8,0.0284028693870368,4809.210
2,1296488.83,746709,bitmap,0,0,0,0,0,0,0,0,0,0,0,0,0,0,1,0,0,0,1,0,0,0,0,2,1,0,0,0,0,80000,0,0,0,65000,0,0,0,8,0.0307845230421232,4823.255
2,1296672.54,805971,bitmap,0,0,0,0,0,0,0,0,0,0,0,0,0,0,1,0,0,0,1,0,0,0,0,2,1,0,0,0,0,80000,0,0,0,70000,0,0,0,8,0.033216771792216,4825.428
2,1296844.38,861403,bitmap,0,0,0,0,0,0,0,0,0,0,0,0,0,0,1,0,0,0,1,0,0,0,0,2,1,0,0,0,0,80000,0,0,0,75000,0,0,0,8,0.0357042833890785,4817.162
0,734461.17,228226,bitmap,0,0,0,0,0,0,0,0,0,0,0,0,1,0,1,0,0,0,0,0,0,0,2,0,1,0,0,100000,0,75000,0,0,0,0,0,0,0,9,0.00306059481960907,9013.705
0,522794.32,141719,bitmap,0,0,0,0,0,0,0,0,0,0,0,0,1,0,1,0,0,0,0,0,0,0,2,0,1,0,0,100000,0,80000,0,0,0,0,0,0,0,9,0.00186211621328238,8319.686
0,347687.80,81180,bitmap,0,0,0,0,0,0,0,0,0,0,0,0,1,0,1,0,0,0,0,0,0,0,1,0,2,0,0,100000,0,85000,0,0,0,0,0,0,0,9,0.000980411246267716,8935.177
0,204754.27,38213,bitmap,0,0,0,0,0,0,0,0,0,0,0,0,1,0,1,0,0,0,0,0,0,0,1,0,2,0,0,100000,0,90000,0,0,0,0,0,0,0,9,0.000385272896439326,5729.751
0,144709.40,21841,bitmap,0,0,0,0,0,0,0,0,0,0,0,0,1,0,1,0,0,0,0,0,0,0,1,0,2,0,0,100000,0,95000,0,0,0,0,0,0,0,9,7.13165787273348e-05,2424.084
0,102074.06,10865,bitmap,0,0,0,0,0,0,0,0,0,0,0,0,1,0,1,0,0,0,0,0,0,0,1,0,2,0,0,100000,0,100000,0,0,0,0,0,0,0,9,0,399.829
0,8.60,1,index,0,0,0,0,1,0,0,0,0,0,0,0,0,0,0,0,0,1,0,0,0,0,1,0,2,0,0,0,0,105000,0,0,100000,0,0,0,0,9,0,0.300
0,8.60,1,index,0,0,0,0,1,0,0,0,0,0,0,0,0,0,0,0,0,1,0,0,0,0,1,0,2,0,0,0,0,110000,0,0,100000,0,0,0,0,9,0,0.149
0,8.60,1,index,0,0,0,0,1,0,0,0,0,0,0,0,0,0,0,0,0,1,0,0,0,0,1,0,2,0,0,0,0,115000,0,0,100000,0,0,0,0,9,0,0.124
0,8.60,1,index,0,0,0,0,1,0,0,0,0,0,0,0,0,0,0,0,0,1,0,0,0,0,1,0,2,0,0,0,0,120000,0,0,100000,0,0,0,0,9,0,0.118
2,1344772.27,926912,bitmap,0,0,0,0,0,0,0,0,0,0,0,0,0,0,1,0,0,0,1,0,0,0,0,2,1,0,0,0,0,75000,0,0,0,50000,0,0,0,10,0.0370309918045615,5378.743
2,1323027.48,770402,bitmap,0,0,0,0,0,0,0,0,0,0,0,0,0,0,1,0,0,0,1,0,0,0,0,2,1,0,0,0,0,77000,0,0,0,50000,0,0,0,10,0.0313648412801029,5174.262
2,1295958.31,575574,bitmap,0,0,0,0,0,0,0,0,0,0,0,0,0,0,1,0,0,0,1,0,0,0,0,2,1,0,0,0,0,80000,0,0,0,50000,0,0,0,10,0.0237993658925912,4809.448
2,1304520.15,465252,bitmap,0,0,0,0,0,0,0,0,0,0,0,0,0,0,1,0,0,0,1,0,0,0,0,2,1,0,0,0,0,82000,0,0,0,50000,0,0,0,10,0.0194156801651157,4490.532
2,1326783.67,329704,bitmap,0,0,0,0,0,0,0,0,0,0,0,0,0,0,1,0,0,0,1,0,0,0,0,2,1,0,0,0,0,85000,0,0,0,50000,0,0,0,10,0.0137073531693668,3862.293
0,1261871.76,521925,bitmap,0,0,0,0,0,0,0,0,0,0,0,0,0,0,1,0,0,0,1,0,0,0,0,2,1,0,0,0,0,88000,0,0,0,50000,0,0,0,10,0.00907350928845926,7464.008
0,999925.71,277084,bitmap,0,0,0,0,0,0,0,0,0,0,0,0,0,0,1,0,0,0,1,0,0,0,0,2,1,0,0,0,0,92000,0,0,0,50000,0,0,0,10,0.00448510930507645,4550.482
0,870643.89,212892,bitmap,0,0,0,0,0,0,0,0,0,0,0,0,0,0,1,0,0,0,1,0,0,0,0,2,1,0,0,0,0,95000,0,0,0,50000,0,0,0,10,0.00218397436790806,2407.849
2,1349104.14,833622,bitmap,0,0,0,0,0,0,0,0,0,0,0,0,0,0,1,0,0,1,1,0,0,0,3,2,1,0,0,0,0,75000,0,0,1200000,75000,0,0,0,11,0.0333382500318574,5384.084
2,1349003.47,801147,bitmap,0,0,0,0,0,0,0,0,0,0,0,0,0,0,1,0,0,1,1,0,0,0,3,2,1,0,0,0,0,75000,0,0,1200000,72000,0,0,0,11,0.0319543949983573,5352.590
2,1348794.35,733691,bitmap,0,0,0,0,0,0,0,0,0,0,0,0,0,0,1,0,0,1,1,0,0,0,3,2,1,0,0,0,0,75000,0,0,1200000,66000,0,0,0,11,0.0292270609841101,5365.874
2,1348591.58,668280,bitmap,0,0,0,0,0,0,0,0,0,0,0,0,0,0,1,0,0,1,1,0,0,0,3,2,1,0,0,0,0,75000,0,0,1200000,60000,0,0,0,11,0.0265546063941664,5348.385
2,1348385.87,601922,bitmap,0,0,0,0,0,0,0,0,0,0,0,0,0,0,1,0,0,1,1,0,0,0,3,2,1,0,0,0,0,75000,0,0,1200000,54000,0,0,0,11,0.0239417156508316,5356.778
2,1348179.83,535457,bitmap,0,0,0,0,0,0,0,0,0,0,0,0,0,0,1,0,0,1,1,0,0,0,3,2,1,0,0,0,0,75000,0,0,1200000,48000,0,0,0,11,0.0213085701989522,5340.256
2,1347976.20,469770,bitmap,0,0,0,0,0,0,0,0,0,0,0,0,0,0,1,0,0,1,1,0,0,0,3,2,1,0,0,0,0,75000,0,0,1200000,42000,0,0,0,11,0.0185665661077345,5327.390
2,1347769.04,402945,bitmap,0,0,0,0,0,0,0,0,0,0,0,0,0,0,1,0,0,1,1,0,0,0,3,2,1,0,0,0,0,75000,0,0,1200000,36000,0,0,0,11,0.0158856262119067,5326.522
2,1347565.21,337194,bitmap,0,0,0,0,0,0,0,0,0,0,0,0,0,0,1,0,0,1,1,0,0,0,3,2,1,0,0,0,0,75000,0,0,1200000,30000,0,0,0,11,0.013256114938186,5335.687
2,1347358.92,270649,bitmap,0,0,0,0,0,0,0,0,0,0,0,0,0,0,1,0,0,1,1,0,0,0,3,2,1,0,0,0,0,75000,0,0,1200000,24000,0,0,0,11,0.0106462415629553,5310.456
2,1347149.74,203171,bitmap,0,0,0,0,0,0,0,0,0,0,0,0,0,0,1,0,0,1,1,0,0,0,3,2,1,0,0,0,0,75000,0,0,1200000,18000,0,0,0,11,0.00789668571620616,5307.473
0,1212774.19,325204,bitmap,0,0,0,0,0,0,0,0,0,0,0,0,0,1,1,0,0,1,0,0,0,0,3,1,2,0,0,0,12000,75000,0,0,1200000,0,0,0,0,11,0.00519894191403028,13111.344
0,812023.21,160724,bitmap,0,0,0,0,0,0,0,0,0,0,0,0,0,1,1,0,0,1,0,0,0,0,3,2,1,0,0,0,6000,75000,0,0,1200000,0,0,0,0,11,0.00256474621800415,9504.204
0,734860.90,171281,bitmap,0,0,0,0,0,0,0,0,0,0,0,0,1,0,1,0,0,0,1,0,0,0,2,3,1,0,0,100000,0,75000,0,0,0,75000,0,0,0,12,0.00229750075900978,9061.781
0,1108310.71,341619,bitmap,0,0,0,0,0,0,0,0,0,0,0,0,1,0,1,0,0,0,1,0,0,0,1,3,2,0,0,200000,0,75000,0,0,0,75000,0,0,0,12,0.00556519372203392,13003.183
0,1340724.79,500438,bitmap,0,0,0,0,0,0,0,0,0,0,0,0,1,0,1,0,0,0,1,0,0,0,1,3,2,0,0,300000,0,75000,0,0,0,75000,0,0,0,12,0.00784530710572518,13202.566
2,1347384.46,278885,bitmap,0,0,0,0,0,0,0,0,0,0,0,0,0,0,1,0,0,1,1,0,0,0,3,2,1,0,0,0,0,75000,0,0,400000,75000,0,0,0,12,0.0111072987433812,5343.607
2,1347592.00,345834,bitmap,0,0,0,0,0,0,0,0,0,0,0,0,0,0,1,0,0,1,1,0,0,0,3,2,1,0,0,0,0,75000,0,0,500000,75000,0,0,0,12,0.0134031491187318,5317.544
2,1347812.00,416803,bitmap,0,0,0,0,0,0,0,0,0,0,0,0,0,0,1,0,0,1,1,0,0,0,3,2,1,0,0,0,0,75000,0,0,600000,75000,0,0,0,12,0.0166620400355736,5335.600
2,1348029.37,486922,bitmap,0,0,0,0,0,0,0,0,0,0,0,0,0,0,1,0,0,1,1,0,0,0,3,2,1,0,0,0,0,75000,0,0,700000,75000,0,0,0,12,0.0189573069419538,5350.473
2,1348247.39,557250,bitmap,0,0,0,0,0,0,0,0,0,0,0,0,0,0,1,0,0,1,1,0,0,0,3,2,1,0,0,0,0,75000,0,0,800000,75000,0,0,0,12,0.022226550265385,5336.394
2,1348462.16,626532,bitmap,0,0,0,0,0,0,0,0,0,0,0,0,0,0,1,0,0,1,1,0,0,0,3,2,1,0,0,0,0,75000,0,0,900000,75000,0,0,0,12,0.0245111313543355,5375.584
2,1348679.56,696661,bitmap,0,0,0,0,0,0,0,0,0,0,0,0,0,0,1,0,0,1,1,0,0,0,3,2,1,0,0,0,0,75000,0,0,1000000,75000,0,0,0,12,0.0277832920226189,5346.885
2,1348890.92,764842,bitmap,0,0,0,0,0,0,0,0,0,0,0,0,0,0,1,0,0,1,1,0,0,0,3,2,1,0,0,0,0,75000,0,0,1100000,75000,0,0,0,12,0.0300723741579126,5362.460
2,1349104.14,833622,bitmap,0,0,0,0,0,0,0,0,0,0,0,0,0,0,1,0,0,1,1,0,0,0,3,2,1,0,0,0,0,75000,0,0,1200000,75000,0,0,0,13,0.0333382500318574,5384.884
2,1316685.63,630599,bitmap,0,0,0,0,0,0,0,0,0,0,0,0,0,0,1,0,0,1,1,0,0,0,3,2,1,0,0,0,0,78000,0,0,1200000,75000,0,0,0,13,0.0258615786216436,5032.232
2,1290169.40,464564,bitmap,0,0,0,0,0,0,0,0,0,0,0,0,0,0,1,0,0,1,1,0,0,0,3,2,1,0,0,0,0,81000,0,0,1200000,75000,0,0,0,13,0.0194154801186116,4664.656
2,1329834.29,333040,bitmap,0,0,0,0,0,0,0,0,0,0,0,0,0,0,1,0,0,1,1,0,0,0,3,2,1,0,0,0,0,84000,0,0,1200000,75000,0,0,0,13,0.0139531269702497,4152.101
0,1300714.65,536599,bitmap,0,0,0,0,0,0,0,0,0,0,0,0,0,0,1,0,0,1,1,0,0,0,3,2,1,0,0,0,0,87000,0,0,1200000,75000,0,0,0,13,0.00947526935094845,8375.633
0,1138093.82,334989,bitmap,0,0,0,0,0,0,0,0,0,0,0,0,0,0,1,0,0,1,1,0,0,0,3,2,1,0,0,0,0,90000,0,0,1200000,75000,0,0,0,13,0.00591432488339123,6027.466
0,961987.88,229953,bitmap,0,0,0,0,0,0,0,0,0,0,0,0,0,0,1,0,0,1,1,0,0,0,3,2,1,0,0,0,0,93000,0,0,1200000,75000,0,0,0,13,0.00326515904063831,3825.440
0,871646.32,191465,bitmap,0,0,0,0,0,0,0,0,0,0,0,0,0,0,1,0,0,1,1,0,0,0,3,2,1,0,0,0,0,95000,0,0,1200000,75000,0,0,0,13,0.00197322537579236,2413.372
2,1298515.82,474935,bitmap,0,0,0,0,0,0,0,0,0,0,0,0,0,0,1,0,0,1,1,0,0,0,3,2,1,0,0,0,0,80000,0,0,1100000,75000,0,0,0,14,0.0192624612134834,4811.103
2,1290123.57,449779,bitmap,0,0,0,0,0,0,0,0,0,0,0,0,0,0,1,0,0,1,1,0,0,0,3,2,1,0,0,0,0,81000,0,0,1160000,75000,0,0,0,14,0.0185177714312654,4646.543
2,1306714.11,424757,bitmap,0,0,0,0,0,0,0,0,0,0,0,0,0,0,1,0,0,1,1,0,0,0,3,2,1,0,0,0,0,82000,0,0,1220000,75000,0,0,0,14,0.017666956978599,4489.209
2,1322041.62,400215,bitmap,0,0,0,0,0,0,0,0,0,0,0,0,0,0,1,0,0,1,1,0,0,0,3,2,1,0,0,0,0,83000,0,0,1280000,75000,0,0,0,14,0.0163946945533272,4310.536
2,1329952.31,371109,bitmap,0,0,0,0,0,0,0,0,0,0,0,0,0,0,1,0,0,1,1,0,0,0,3,2,1,0,0,0,0,84000,0,0,1340000,75000,0,0,0,14,0.015305324644469,4130.163
2,1328477.15,345759,bitmap,0,0,0,0,0,0,0,0,0,0,0,0,0,0,1,0,0,1,1,0,0,0,3,2,1,0,0,0,0,85000,0,0,1400000,75000,0,0,0,14,0.0144085661780175,3879.517
2,1316193.17,316529,bitmap,0,0,0,0,0,0,0,0,0,0,0,0,0,0,1,0,0,1,1,0,0,0,3,2,1,0,0,0,0,86000,0,0,1460000,75000,0,0,0,14,0.0129861855219277,3599.743
0,1301113.46,681623,bitmap,0,0,0,0,0,0,0,0,0,0,0,0,0,0,1,0,0,1,1,0,0,0,3,2,1,0,0,0,0,87000,0,0,1520000,75000,0,0,0,14,0.0117414795026017,8387.669
0,1264739.51,618554,bitmap,0,0,0,0,0,0,0,0,0,0,0,0,0,0,1,0,0,1,1,0,0,0,3,2,1,0,0,0,0,88000,0,0,1580000,75000,0,0,0,14,0.010669380275268,7484.340
0,1212249.92,550200,bitmap,0,0,0,0,0,0,0,0,0,0,0,0,0,0,1,0,0,1,1,0,0,0,3,2,1,0,0,0,0,89000,0,0,1640000,75000,0,0,0,14,0.00944527904586886,6776.857
0,1138479.94,475398,bitmap,0,0,0,0,0,0,0,0,0,0,0,0,0,0,1,0,0,1,1,0,0,0,3,2,1,0,0,0,0,90000,0,0,1700000,75000,0,0,0,14,0.00816843222154377,6025.822
0,1037352.92,393960,bitmap,0,0,0,0,0,0,0,0,0,0,0,0,0,0,1,0,0,1,1,0,0,0,3,2,1,0,0,0,0,91000,0,0,1760000,75000,0,0,0,14,0.00710025057158287,5291.727
0,1001585.42,378295,bitmap,0,0,0,0,0,0,0,0,0,0,0,0,0,0,1,0,0,1,1,0,0,0,3,2,1,0,0,0,0,92000,0,0,1820000,75000,0,0,0,14,0.00608488119871599,4563.444
0,962345.71,360071,bitmap,0,0,0,0,0,0,0,0,0,0,0,0,0,0,1,0,0,1,1,0,0,0,3,2,1,0,0,0,0,93000,0,0,1880000,75000,0,0,0,14,0.00496945523269309,3829.339
0,919284.62,340530,bitmap,0,0,0,0,0,0,0,0,0,0,0,0,0,0,1,0,0,1,1,0,0,0,3,2,1,0,0,0,0,94000,0,0,1940000,75000,0,0,0,14,0.0040250523571713,3107.802
0,871995.98,318614,bitmap,0,0,0,0,0,0,0,0,0,0,0,0,0,0,1,0,0,1,1,0,0,0,3,2,1,0,0,0,0,95000,0,0,2000000,75000,0,0,0,14,0.00328741421422433,2416.085
2,1298226.67,381663,bitmap,0,0,0,0,0,0,0,0,0,0,0,0,0,0,1,0,0,1,1,0,0,0,3,2,1,0,0,0,0,80000,0,0,1200000,55000,0,0,0,15,0.0156654917046383,4805.600
2,1289811.79,349206,bitmap,0,0,0,0,0,0,0,0,0,0,0,0,0,0,1,0,0,1,1,0,0,0,3,2,1,0,0,0,0,81000,0,0,1200000,56000,0,0,0,15,0.0144320549717124,4654.759
2,1306389.31,319983,bitmap,0,0,0,0,0,0,0,0,0,0,0,0,0,0,1,0,0,1,1,0,0,0,3,2,1,0,0,0,0,82000,0,0,1200000,57000,0,0,0,15,0.0132245742726993,4499.480
2,1321705.37,291746,bitmap,0,0,0,0,0,0,0,0,0,0,0,0,0,0,1,0,0,1,1,0,0,0,3,2,1,0,0,0,0,83000,0,0,1200000,58000,0,0,0,15,0.0120401322627467,4315.850
2,1329617.30,263042,bitmap,0,0,0,0,0,0,0,0,0,0,0,0,0,0,1,0,0,1,1,0,0,0,3,2,1,0,0,0,0,84000,0,0,1200000,59000,0,0,0,15,0.0109058352431662,4116.021
2,1328142.20,237708,bitmap,0,0,0,0,0,0,0,0,0,0,0,0,0,0,1,0,0,1,1,0,0,0,3,2,1,0,0,0,0,85000,0,0,1200000,60000,0,0,0,15,0.00981218100501097,3875.774
2,1315869.07,211982,bitmap,0,0,0,0,0,0,0,0,0,0,0,0,0,0,1,0,0,1,1,0,0,0,3,2,1,0,0,0,0,86000,0,0,1200000,61000,0,0,0,15,0.00876365392408222,3595.458
0,1300461.91,444696,bitmap,0,0,0,0,0,0,0,0,0,0,0,0,0,0,1,0,0,1,1,0,0,0,3,2,1,0,0,0,0,87000,0,0,1200000,62000,0,0,0,15,0.00776773907374334,8379.261
0,1264124.88,395052,bitmap,0,0,0,0,0,0,0,0,0,0,0,0,0,0,1,0,0,1,1,0,0,0,3,2,1,0,0,0,0,88000,0,0,1200000,63000,0,0,0,15,0.00680703240813381,7474.465
0,1211682.21,343758,bitmap,0,0,0,0,0,0,0,0,0,0,0,0,0,0,1,0,0,1,1,0,0,0,3,2,1,0,0,0,0,89000,0,0,1200000,64000,0,0,0,15,0.00592479398377476,6766.074
0,1137971.16,290386,bitmap,0,0,0,0,0,0,0,0,0,0,0,0,0,0,1,0,0,1,1,0,0,0,3,2,1,0,0,0,0,90000,0,0,1200000,65000,0,0,0,15,0.0050751798101332,6018.911
0,1036919.25,236261,bitmap,0,0,0,0,0,0,0,0,0,0,0,0,0,0,1,0,0,1,1,0,0,0,3,2,1,0,0,0,0,91000,0,0,1200000,66000,0,0,0,15,0.00429503178505563,5291.528
0,1001157.97,222858,bitmap,0,0,0,0,0,0,0,0,0,0,0,0,0,0,1,0,0,1,1,0,0,0,3,2,1,0,0,0,0,92000,0,0,1200000,67000,0,0,0,15,0.0035810491412237,4550.971
0,961929.61,208764,bitmap,0,0,0,0,0,0,0,0,0,0,0,0,0,0,1,0,0,1,1,0,0,0,3,2,1,0,0,0,0,93000,0,0,1200000,68000,0,0,0,15,0.00292859746795805,3823.228
0,918882.94,194467,bitmap,0,0,0,0,0,0,0,0,0,0,0,0,0,0,1,0,0,1,1,0,0,0,3,2,1,0,0,0,0,94000,0,0,1200000,69000,0,0,0,15,0.00233472607932257,3103.755
0,871646.32,191465,bitmap,0,0,0,0,0,0,0,0,0,0,0,0,0,0,1,0,0,1,1,0,0,0,3,2,1,0,0,0,0,95000,0,0,1200000,75000,0,0,0,15,0.00197322537579236,2414.124
0,928074.66,143061,bitmap,0,0,0,0,0,0,0,0,0,0,0,0,1,1,1,0,0,0,0,0,0,0,2,1,3,0,0,250000,25000,75000,0,0,0,0,0,0,0,16,0.00218664165462998,13810.327
0,1132822.36,202424,bitmap,0,0,0,0,0,0,0,0,0,0,0,0,1,1,1,0,0,0,0,0,0,0,2,1,3,0,0,300000,30000,75000,0,0,0,0,0,0,0,16,0.00311209012388413,14024.355
2,1346875.48,114698,bitmap,0,0,0,0,0,0,0,0,0,0,0,0,0,0,1,0,0,1,1,0,0,0,3,2,1,0,0,0,0,75000,0,0,350000,35000,0,0,0,16,0.00431955415235528,5321.837
2,1346984.17,149760,bitmap,0,0,0,0,0,0,0,0,0,0,0,0,0,0,1,0,0,1,1,0,0,0,3,2,1,0,0,0,0,75000,0,0,400000,40000,0,0,0,16,0.00586688052082507,5320.780
2,1347102.83,188038,bitmap,0,0,0,0,0,0,0,0,0,0,0,0,0,0,1,0,0,1,1,0,0,0,3,2,1,0,0,0,0,75000,0,0,450000,45000,0,0,0,16,0.00723808261293809,5323.500
2,1347236.26,231080,bitmap,0,0,0,0,0,0,0,0,0,0,0,0,0,0,1,0,0,1,1,0,0,0,3,2,1,0,0,0,0,75000,0,0,500000,50000,0,0,0,16,0.00892029033682697,5312.267
2,1347393.03,281652,bitmap,0,0,0,0,0,0,0,0,0,0,0,0,0,0,1,0,0,1,1,0,0,0,3,2,1,0,0,0,0,75000,0,0,550000,55000,0,0,0,16,0.0108724108064321,5335.613
2,1347555.73,334134,bitmap,0,0,0,0,0,0,0,0,0,0,0,0,0,0,1,0,0,1,1,0,0,0,3,2,1,0,0,0,0,75000,0,0,600000,60000,0,0,0,16,0.0132619662984322,5342.804
2,1347735.16,392016,bitmap,0,0,0,0,0,0,0,0,0,0,0,0,0,0,1,0,0,1,1,0,0,0,3,2,1,0,0,0,0,75000,0,0,650000,65000,0,0,0,16,0.0152750342696332,5328.641
2,1347932.24,455588,bitmap,0,0,0,0,0,0,0,0,0,0,0,0,0,0,1,0,0,1,1,0,0,0,3,2,1,0,0,0,0,75000,0,0,700000,70000,0,0,0,16,0.0176492695335242,5337.016
2,1348136.79,521575,bitmap,0,0,0,0,0,0,0,0,0,0,0,0,0,0,1,0,0,1,1,0,0,0,3,2,1,0,0,0,0,75000,0,0,750000,75000,0,0,0,16,0.0204657909475356,5351.351
2,1348365.29,595283,bitmap,0,0,0,0,0,0,0,0,0,0,0,0,0,0,1,0,0,1,1,0,0,0,3,2,1,0,0,0,0,75000,0,0,800000,80000,0,0,0,16,0.023661633874488,5364.346
2,1348606.87,673211,bitmap,0,0,0,0,0,0,0,0,0,0,0,0,0,0,1,0,0,1,1,0,0,0,3,2,1,0,0,0,0,75000,0,0,850000,85000,0,0,0,16,0.0262877276870963,5357.722
2,1348852.37,752405,bitmap,0,0,0,0,0,0,0,0,0,0,0,0,0,0,1,0,0,1,1,0,0,0,3,2,1,0,0,0,0,75000,0,0,900000,90000,0,0,0,16,0.0293442215533704,5358.661
