workers,cost,rows,type,parallel,i_q,i_p,i_s,i_e,i_d,i_o_q,i_o_p,i_o_s,i_o_e,i_o_d,b_i_q,b_i_p,b_i_s,b_i_e,b_i_d,s_q,s_p,s_s,s_e,s_d,o_q,o_p,o_s,o_e,o_d,v_i_q,v_i_p,v_i_s,v_i_e,v_i_d,v_f_q,v_f_p,v_f_s,v_f_e,v_f_d,forced_parallel,query,batch,selectivity,latency
0,1287412.34,1165729,bitmap,0,0,0,0,0,0,0,0,0,0,0,1,0,0,0,0,0,0,0,0,0,1,0,0,0,0,2,0,0,0,0,0,0,0,0,0,0,2,3-1,0.0200017664106316,7490.358
2,1277503.69,1008932,bitmap,0,0,0,0,0,0,0,0,0,0,0,1,0,0,0,0,0,0,0,0,0,1,0,0,0,0,3,0,0,0,0,0,0,0,0,0,0,2,3-1,0.0399808608841269,4267.696
2,1307292.89,1523812,bitmap,0,0,0,0,0,0,0,0,0,0,0,1,0,0,0,0,0,0,0,0,0,1,0,0,0,0,4,0,0,0,0,0,0,0,0,0,0,2,3-1,0.0600066495457977,4744.274
0,332856.71,110450,bitmap,0,0,0,0,0,0,0,0,0,0,0,0,0,1,0,0,0,0,0,0,0,0,0,1,0,0,0,0,200,0,0,0,0,0,0,0,0,3,3-1,0.0019884289101073,786.270
0,595883.97,235452,bitmap,0,0,0,0,0,0,0,0,0,0,0,0,0,1,0,0,0,0,0,0,0,0,0,1,0,0,0,0,400,0,0,0,0,0,0,0,0,3,3-1,0.00399019425382421,1583.597
0,786415.13,358454,bitmap,0,0,0,0,0,0,0,0,0,0,0,0,0,1,0,0,0,0,0,0,0,0,0,1,0,0,0,0,600,0,0,0,0,0,0,0,0,3,3-1,0.0059919429269991,2310.148
0,917935.16,469459,bitmap,0,0,0,0,0,0,0,0,0,0,0,0,0,1,0,0,0,0,0,0,0,0,0,1,0,0,0,0,800,0,0,0,0,0,0,0,0,3,3-1,0.00798275572461411,2997.700
0,1020851.01,580464,bitmap,0,0,0,0,0,0,0,0,0,0,0,0,0,1,0,0,0,0,0,0,0,0,0,1,0,0,0,0,1000,0,0,0,0,0,0,0,0,3,3-1,0.00998722169613696,3598.252
0,1116373.43,715066,bitmap,0,0,0,0,0,0,0,0,0,0,0,0,0,1,0,0,0,0,0,0,0,0,0,1,0,0,0,0,1200,0,0,0,0,0,0,0,0,3,3-1,0.0119918710436219,4121.429
0,1183241.71,840686,bitmap,0,0,0,0,0,0,0,0,0,0,0,0,0,1,0,0,0,0,0,0,0,0,0,1,0,0,0,0,1400,0,0,0,0,0,0,0,0,3,3-1,0.0139892687053317,4622.539
0,1236191.58,974304,bitmap,0,0,0,0,0,0,0,0,0,0,0,0,0,1,0,0,0,0,0,0,0,0,0,1,0,0,0,0,1600,0,0,0,0,0,0,0,0,3,3-1,0.0159916675296451,5048.758
0,1271097.99,1093925,bitmap,0,0,0,0,0,0,0,0,0,0,0,0,0,1,0,0,0,0,0,0,0,0,0,1,0,0,0,0,1800,0,0,0,0,0,0,0,0,3,3-1,0.0180007845823893,5367.888
0,1296605.55,1213547,bitmap,0,0,0,0,0,0,0,0,0,0,0,0,0,1,0,0,0,0,0,0,0,0,0,1,0,0,0,0,2000,0,0,0,0,0,0,0,0,3,3-1,0.0199948814767806,5827.000
0,1313427.35,1324394,bitmap,0,0,0,0,0,0,0,0,0,0,0,0,0,1,0,0,0,0,0,0,0,0,0,1,0,0,0,0,2200,0,0,0,0,0,0,0,0,3,3-1,0.0219959799988171,6115.377
0,1325043.08,1437297,bitmap,0,0,0,0,0,0,0,0,0,0,0,0,0,1,0,0,0,0,0,0,0,0,0,1,0,0,0,0,2400,0,0,0,0,0,0,0,0,3,3-1,0.0239903602924226,6329.473
0,1331789.43,1544202,bitmap,0,0,0,0,0,0,0,0,0,0,0,0,0,1,0,0,0,0,0,0,0,0,0,1,0,0,0,0,2600,0,0,0,0,0,0,0,0,3,3-1,0.0259950263104496,6604.460
2,1321694.16,690460,bitmap,0,0,0,0,0,0,0,0,0,0,0,0,0,1,0,0,0,0,0,0,0,0,0,1,0,0,0,0,2800,0,0,0,0,0,0,0,0,3,3-1,0.0279854556855984,2937.794
2,1320944.38,737504,bitmap,0,0,0,0,0,0,0,0,0,0,0,0,0,1,0,0,0,0,0,0,0,0,0,1,0,0,0,0,3000,0,0,0,0,0,0,0,0,3,3-1,0.0299814530217791,3037.402
2,1317784.24,782311,bitmap,0,0,0,0,0,0,0,0,0,0,0,0,0,1,0,0,0,0,0,0,0,0,0,1,0,0,0,0,3200,0,0,0,0,0,0,0,0,3,3-1,0.0319848354080712,3157.177
2,1312419.23,828737,bitmap,0,0,0,0,0,0,0,0,0,0,0,0,0,1,0,0,0,0,0,0,0,0,0,1,0,0,0,0,3400,0,0,0,0,0,0,0,0,3,3-1,0.0339856672014354,3258.874
2,1305295.54,875162,bitmap,0,0,0,0,0,0,0,0,0,0,0,0,0,1,0,0,0,0,0,0,0,0,0,1,0,0,0,0,3600,0,0,0,0,0,0,0,0,3,3-1,0.035986949099434,3258.648
2,1296713.14,921588,bitmap,0,0,0,0,0,0,0,0,0,0,0,0,0,1,0,0,0,0,0,0,0,0,0,1,0,0,0,0,3800,0,0,0,0,0,0,0,0,3,3-1,0.0379797123504644,3301.221
2,1284699.36,978012,bitmap,0,0,0,0,0,0,0,0,0,0,0,0,0,1,0,0,0,0,0,0,0,0,0,1,0,0,0,0,4000,0,0,0,0,0,0,0,0,3,3-1,0.0399716754154783,3335.366
0,430672.44,102623,bitmap,0,0,0,0,0,0,0,0,0,0,0,1,0,0,0,1,0,0,0,0,0,2,0,0,0,1,2,0,0,0,0.01,0,0,0,0,0,0,4,3-1,0.00182125671481097,8206.190
0,754561.98,205712,bitmap,0,0,0,0,0,0,0,0,0,0,0,1,0,0,0,1,0,0,0,0,0,2,0,0,0,1,2,0,0,0,0.02,0,0,0,0,0,0,4,3-1,0.00363316125555321,8558.077
0,1033341.21,311755,bitmap,0,0,0,0,0,0,0,0,0,0,0,1,0,0,0,1,0,0,0,0,0,2,0,0,0,1,2,0,0,0,0.03,0,0,0,0,0,0,4,3-1,0.00545213410610853,8841.019
0,1272197.08,417525,bitmap,0,0,0,0,0,0,0,0,0,0,0,1,0,0,0,1,0,0,0,0,0,2,0,0,0,1,2,0,0,0,0.04,0,0,0,0,0,0,4,3-1,0.00727362420850767,9200.563
0,1288559.12,522985,bitmap,0,0,0,0,0,0,0,0,0,0,0,1,0,0,0,0,0,0,0,0,1,1,0,0,0,2,2,0,0,0,0,0,0,0,0,0.05,0,4,3-1,0.00910306615944653,7525.740
0,1288849.78,628678,bitmap,0,0,0,0,0,0,0,0,0,0,0,1,0,0,0,0,0,0,0,0,1,1,0,0,0,2,2,0,0,0,0,0,0,0,0,0.06,0,4,3-1,0.0109216055759095,7585.658
0,1289141.39,734720,bitmap,0,0,0,0,0,0,0,0,0,0,0,1,0,0,0,0,0,0,0,0,1,1,0,0,0,2,2,0,0,0,0,0,0,0,0,0.07,0,4,3-1,0.012740711790801,7567.925
0,1289437.18,842278,bitmap,0,0,0,0,0,0,0,0,0,0,0,1,0,0,0,0,0,0,0,0,1,1,0,0,0,2,2,0,0,0,0,0,0,0,0,0.08,0,4,3-1,0.0145593845716001,7566.043
0,1289727.83,947971,bitmap,0,0,0,0,0,0,0,0,0,0,0,1,0,0,0,0,0,0,0,0,1,1,0,0,0,2,2,0,0,0,0,0,0,0,0,0.09,0,4,3-1,0.0163651376823399,7604.498
0,1290026.71,1056655,bitmap,0,0,0,0,0,0,0,0,0,0,0,1,0,0,0,0,0,0,0,0,1,1,0,0,0,2,2,0,0,0,0,0,0,0,0,0.10,0,4,3-1,0.0181899952342254,7581.106
0,1290326.67,1165729,bitmap,0,0,0,0,0,0,0,0,0,0,0,1,0,0,0,0,0,0,0,0,1,1,0,0,0,2,2,0,0,0,0,0,0,0,0,0.11,0,4,3-1,0.0200017664106316,7591.109
0,1290326.67,1165729,bitmap,0,0,0,0,0,0,0,0,0,0,0,1,0,0,0,0,0,0,0,0,1,1,0,0,0,2,2,0,0,0,0,0,0,0,0,0.12,0,4,3-1,0.0200017664106316,7586.975
0,1290326.67,1165729,bitmap,0,0,0,0,0,0,0,0,0,0,0,1,0,0,0,0,0,0,0,0,1,1,0,0,0,2,2,0,0,0,0,0,0,0,0,0.13,0,4,3-1,0.0200017664106316,7562.258
0,1290326.67,1165729,bitmap,0,0,0,0,0,0,0,0,0,0,0,1,0,0,0,0,0,0,0,0,1,1,0,0,0,2,2,0,0,0,0,0,0,0,0,0.14,0,4,3-1,0.0200017664106316,7612.220
0,1290326.67,1165729,bitmap,0,0,0,0,0,0,0,0,0,0,0,1,0,0,0,0,0,0,0,0,1,1,0,0,0,2,2,0,0,0,0,0,0,0,0,0.15,0,4,3-1,0.0200017664106316,7586.323
0,430672.44,102623,bitmap,0,0,0,0,0,0,0,0,0,0,0,1,0,0,0,1,0,0,0,0,0,2,0,0,0,1,2,0,0,0,0.01,0,0,0,0,0,0,5,3-1,0.00182125671481097,8120.830
0,693864.49,213167,bitmap,0,0,0,0,0,0,0,0,0,0,0,1,0,0,0,1,0,0,0,0,0,2,0,0,0,1,3,0,0,0,0.01,0,0,0,0,0,0,5,3-1,0.0036343948756621,11235.830
0,895463.29,321951,bitmap,0,0,0,0,0,0,0,0,0,0,0,1,0,0,0,1,0,0,0,0,0,2,0,0,0,1,4,0,0,0,0.01,0,0,0,0,0,0,5,3-1,0.0054490333852943,12321.402
0,1044757.25,421758,bitmap,0,0,0,0,0,0,0,0,0,0,0,1,0,0,0,1,0,0,0,0,0,2,0,0,0,1,5,0,0,0,0.01,0,0,0,0,0,0,5,3-1,0.0072631050964981,12799.680
0,1170282.58,523501,bitmap,0,0,0,0,0,0,0,0,0,0,0,1,0,0,0,1,0,0,0,0,0,1,0,0,0,2,6,0,0,0,0.01,0,0,0,0,0,0,5,3-1,0.00908557876087594,13041.143
0,1274494.50,625067,bitmap,0,0,0,0,0,0,0,0,0,0,0,1,0,0,0,1,0,0,0,0,0,1,0,0,0,2,7,0,0,0,0.01,0,0,0,0,0,0,5,3-1,0.0108956495419969,13130.026
0,1363960.74,729275,bitmap,0,0,0,0,0,0,0,0,0,0,0,1,0,0,0,1,0,0,0,0,0,1,0,0,0,2,8,0,0,0,0.01,0,0,0,0,0,0,5,3-1,0.0127067705672645,13193.049
2,1347594.60,349411,bitmap,0,0,0,0,0,0,0,0,0,0,0,0,0,0,0,1,1,0,0,0,0,2,0,0,0,1,0,0,0,0,0.01,9,0,0,0,0,0,5,3-1,0.014524559809337,5241.564
2,1347733.52,394224,bitmap,0,0,0,0,0,0,0,0,0,0,0,0,0,0,0,1,1,0,0,0,0,2,0,0,0,1,0,0,0,0,0.01,10,0,0,0,0,0,5,3-1,0.016337531264768,5219.066
2,1347861.30,435444,bitmap,0,0,0,0,0,0,0,0,0,0,0,0,0,0,0,1,1,0,0,0,0,2,0,0,0,1,0,0,0,0,0.01,11,0,0,0,0,0,5,3-1,0.0181655562196359,5239.673
2,1347997.04,479230,bitmap,0,0,0,0,0,0,0,0,0,0,0,0,0,0,0,1,1,0,0,0,0,2,0,0,0,1,0,0,0,0,0.01,12,0,0,0,0,0,5,3-1,0.0199775441130882,5240.711
2,1348139.82,525290,bitmap,0,0,0,0,0,0,0,0,0,0,0,0,0,0,0,1,1,0,0,0,0,2,0,0,0,1,0,0,0,0,0.01,13,0,0,0,0,0,5,3-1,0.021790298851473,5173.294
2,1348269.42,567096,bitmap,0,0,0,0,0,0,0,0,0,0,0,0,0,0,0,1,1,0,0,0,0,2,0,0,0,1,0,0,0,0,0.01,14,0,0,0,0,0,5,3-1,0.0236072378959029,5269.966
0,575980.74,224012,bitmap,0,0,0,0,0,0,0,0,0,0,0,0,0,0,1,0,0,0,0,0,0,0,0,0,1,0,0,0,0,100000,0,0,0,0,0,0,0,6,3-1,0.000684325749592589,196.369
0,654873.75,269271,bitmap,0,0,0,0,0,0,0,0,0,0,0,0,0,0,1,0,0,0,0,0,0,0,0,0,1,0,0,0,0,99000,0,0,0,0,0,0,0,6,3-1,0.00109952226894345,311.158
0,725717.26,314530,bitmap,0,0,0,0,0,0,0,0,0,0,0,0,0,0,1,0,0,0,0,0,0,0,0,0,1,0,0,0,0,98000,0,0,0,0,0,0,0,6,3-1,0.00165030030647791,727.665
0,789521.97,359790,bitmap,0,0,0,0,0,0,0,0,0,0,0,0,0,0,1,0,0,0,0,0,0,0,0,0,1,0,0,0,0,97000,0,0,0,0,0,0,0,6,3-1,0.00237301831432414,1371.023
0,847100.94,405049,bitmap,0,0,0,0,0,0,0,0,0,0,0,0,0,0,1,0,0,0,0,0,0,0,0,0,1,0,0,0,0,96000,0,0,0,0,0,0,0,6,3-1,0.00326092472296727,1818.183
0,899152.32,450309,bitmap,0,0,0,0,0,0,0,0,0,0,0,0,0,0,1,0,0,0,0,0,0,0,0,0,1,0,0,0,0,95000,0,0,0,0,0,0,0,6,3-1,0.00438410249102575,2521.170
0,946257.66,495568,bitmap,0,0,0,0,0,0,0,0,0,0,0,0,0,0,1,0,0,0,0,0,0,0,0,0,1,0,0,0,0,94000,0,0,0,0,0,0,0,6,3-1,0.00569349021335826,3227.689
0,988918.06,540828,bitmap,0,0,0,0,0,0,0,0,0,0,0,0,0,0,1,0,0,0,0,0,0,0,0,0,1,0,0,0,0,93000,0,0,0,0,0,0,0,6,3-1,0.00723868275245052,4010.584
0,1027578.39,586087,bitmap,0,0,0,0,0,0,0,0,0,0,0,0,0,0,1,0,0,0,0,0,0,0,0,0,1,0,0,0,0,92000,0,0,0,0,0,0,0,6,3-1,0.00897878726874708,4800.406
0,1117806.45,713129,bitmap,0,0,0,0,0,0,0,0,0,0,0,0,0,0,1,0,0,0,0,0,0,0,0,0,1,0,0,0,0,91000,0,0,0,0,0,0,0,6,3-1,0.0109341751645866,5583.966
0,1196215.39,862522,bitmap,0,0,0,0,0,0,0,0,0,0,0,0,0,0,1,0,0,0,0,0,0,0,0,0,1,0,0,0,0,90000,0,0,0,0,0,0,0,6,3-1,0.0131108811761774,6362.534
0,1252019.16,1011916,bitmap,0,0,0,0,0,0,0,0,0,0,0,0,0,0,1,0,0,0,0,0,0,0,0,0,1,0,0,0,0,89000,0,0,0,0,0,0,0,6,3-1,0.0155485311818821,7107.941
0,1290754.30,1161309,bitmap,0,0,0,0,0,0,0,0,0,0,0,0,0,0,1,0,0,0,0,0,0,0,0,0,1,0,0,0,0,88000,0,0,0,0,0,0,0,6,3-1,0.0181422508019031,7895.886
0,1319875.70,1336937,bitmap,0,0,0,0,0,0,0,0,0,0,0,0,0,0,1,0,0,0,0,0,0,0,0,0,1,0,0,0,0,87000,0,0,0,0,0,0,0,6,3-1,0.0210210200197873,8863.125
0,1336114.33,1519239,bitmap,0,0,0,0,0,0,0,0,0,0,0,0,0,0,1,0,0,0,0,0,0,0,0,0,1,0,0,0,0,86000,0,0,0,0,0,0,0,6,3-1,0.0241060371834439,9338.221
2,1327984.63,708975,bitmap,0,0,0,0,0,0,0,0,0,0,0,0,0,0,1,0,0,0,0,0,0,0,0,0,1,0,0,0,0,85000,0,0,0,0,0,0,0,6,3-1,0.0274252587918271,4036.248
2,1323525.15,794835,bitmap,0,0,0,0,0,0,0,0,0,0,0,0,0,0,1,0,0,0,0,0,0,0,0,0,1,0,0,0,0,84000,0,0,0,0,0,0,0,6,3-1,0.0309781013759665,4285.426
2,1310612.19,889512,bitmap,0,0,0,0,0,0,0,0,0,0,0,0,0,0,1,0,0,0,0,0,0,0,0,0,1,0,0,0,0,83000,0,0,0,0,0,0,0,6,3-1,0.0347786848849463,4432.837
2,1291954.89,984188,bitmap,0,0,0,0,0,0,0,0,0,0,0,0,0,0,1,0,0,0,0,0,0,0,0,0,1,0,0,0,0,82000,0,0,0,0,0,0,0,6,3-1,0.0388314103418575,4667.571
2,1291112.58,1093208,bitmap,0,0,0,0,0,0,0,0,0,0,0,0,0,0,1,0,0,0,0,0,0,0,0,0,1,0,0,0,0,81000,0,0,0,0,0,0,0,6,3-1,0.0430938845583637,4830.622
2,1298705.11,1203700,bitmap,0,0,0,0,0,0,0,0,0,0,0,0,0,0,1,0,0,0,0,0,0,0,0,0,1,0,0,0,0,80000,0,0,0,0,0,0,0,6,3-1,0.0476064835872179,5027.359
0,527622.89,143430,bitmap,0,0,0,0,0,0,0,0,0,0,0,0,1,0,1,0,0,0,0,0,0,0,2,0,1,0,0,100000,0,80000,0,0,0,0,0,0,0,7,3-1,0.00186211621328238,8761.076
0,852041.99,287040,bitmap,0,0,0,0,0,0,0,0,0,0,0,0,1,0,1,0,0,0,0,0,0,0,1,0,2,0,0,200000,0,80000,0,0,0,0,0,0,0,7,3-1,0.00476915867041892,12513.389
0,1095970.02,429352,bitmap,0,0,0,0,0,0,0,0,0,0,0,0,1,0,1,0,0,0,0,0,0,0,1,0,2,0,0,300000,0,80000,0,0,0,0,0,0,0,7,3-1,0.00661955549266686,12753.682
0,1288546.20,572323,bitmap,0,0,0,0,0,0,0,0,0,0,0,0,1,0,1,0,0,0,0,0,0,0,1,0,2,0,0,400000,0,80000,0,0,0,0,0,0,0,7,3-1,0.00952959864736556,12885.637
2,1298906.00,297776,bitmap,0,0,0,0,0,0,0,0,0,0,0,0,0,0,1,0,0,1,0,0,0,0,2,0,1,0,0,0,0,80000,0,0,500000,0,0,0,0,7,3-1,0.0113955990969367,4960.760
2,1299090.85,357405,bitmap,0,0,0,0,0,0,0,0,0,0,0,0,0,0,1,0,0,1,0,0,0,0,2,0,1,0,0,0,0,80000,0,0,600000,0,0,0,0,7,3-1,0.0142989907053726,5016.001
2,1299281.71,418973,bitmap,0,0,0,0,0,0,0,0,0,0,0,0,0,0,1,0,0,1,0,0,0,0,2,0,1,0,0,0,0,80000,0,0,700000,0,0,0,0,7,3-1,0.016156855930442,5008.730
2,1299469.68,479609,bitmap,0,0,0,0,0,0,0,0,0,0,0,0,0,0,1,0,0,1,0,0,0,0,2,0,1,0,0,0,0,80000,0,0,800000,0,0,0,0,7,3-1,0.0190679159882034,4928.027
2,1299656.86,539989,bitmap,0,0,0,0,0,0,0,0,0,0,0,0,0,0,1,0,0,1,0,0,0,0,2,0,1,0,0,0,0,80000,0,0,900000,0,0,0,0,7,3-1,0.0209264813760372,5015.068
2,1299841.28,599480,bitmap,0,0,0,0,0,0,0,0,0,0,0,0,0,0,1,0,0,1,0,0,0,0,2,0,1,0,0,0,0,80000,0,0,1000000,0,0,0,0,7,3-1,0.0238313066510862,5031.828
2,1300022.33,657881,bitmap,0,0,0,0,0,0,0,0,0,0,0,0,0,0,1,0,0,1,0,0,0,0,2,0,1,0,0,0,0,80000,0,0,1100000,0,0,0,0,7,3-1,0.0256880882909247,5024.561
2,1300214.98,720026,bitmap,0,0,0,0,0,0,0,0,0,0,0,0,0,0,1,0,0,1,0,0,0,0,2,0,1,0,0,0,0,80000,0,0,1200000,0,0,0,0,7,3-1,0.0285925134729653,4998.016
2,1300408.07,782315,bitmap,0,0,0,0,0,0,0,0,0,0,0,0,0,0,1,0,0,1,0,0,0,0,2,0,1,0,0,0,0,80000,0,0,1300000,0,0,0,0,7,3-1,0.0304496451941861,4995.072
2,1300590.27,841090,bitmap,0,0,0,0,0,0,0,0,0,0,0,0,0,0,1,0,0,1,0,0,0,0,2,0,1,0,0,0,0,80000,0,0,1400000,0,0,0,0,7,3-1,0.0333392169232941,5009.337
2,1300786.70,904454,bitmap,0,0,0,0,0,0,0,0,0,0,0,0,0,0,1,0,0,1,0,0,0,0,2,0,1,0,0,0,0,80000,0,0,1500000,0,0,0,0,7,3-1,0.0351980657103421,5025.148
2,1300977.24,965918,bitmap,0,0,0,0,0,0,0,0,0,0,0,0,0,0,1,0,0,1,0,0,0,0,2,0,1,0,0,0,0,80000,0,0,1600000,0,0,0,0,7,3-1,0.0380931887299401,4995.207
2,1301157.46,1024054,bitmap,0,0,0,0,0,0,0,0,0,0,0,0,0,0,1,0,0,1,0,0,0,0,2,0,1,0,0,0,0,80000,0,0,1700000,0,0,0,0,7,3-1,0.0399451692536792,4939.461
2,1301337.60,1082162,bitmap,0,0,0,0,0,0,0,0,0,0,0,0,0,0,1,0,0,1,0,0,0,0,2,0,1,0,0,0,0,80000,0,0,1800000,0,0,0,0,7,3-1,0.0428527618387021,5033.086
2,1301523.95,1142276,bitmap,0,0,0,0,0,0,0,0,0,0,0,0,0,0,1,0,0,1,0,0,0,0,2,0,1,0,0,0,0,80000,0,0,1900000,0,0,0,0,7,3-1,0.0447069428739868,5043.545
2,1301714.36,1203700,bitmap,0,0,0,0,0,0,0,0,0,0,0,0,0,0,1,0,0,1,0,0,0,0,2,0,1,0,0,0,0,80000,0,0,2000000,0,0,0,0,7,3-1,0.0476064835872179,5010.497
0,524371.13,142195,bitmap,0,0,0,0,0,0,0,0,0,0,0,0,0,1,1,0,0,0,0,0,0,0,0,2,1,0,0,0,5000,80000,0,0,0,0,0,0,0,8,3-1,0.00226929420192547,8710.748
0,854857.46,288487,bitmap,0,0,0,0,0,0,0,0,0,0,0,0,0,1,1,0,0,0,0,0,0,0,0,1,2,0,0,0,10000,80000,0,0,0,0,0,0,0,8,3-1,0.00459475145988938,12594.284
0,1091257.72,426237,bitmap,0,0,0,0,0,0,0,0,0,0,0,0,0,1,1,0,0,0,0,0,0,0,0,1,2,0,0,0,15000,80000,0,0,0,0,0,0,0,8,3-1,0.00697878900248344,12755.501
0,1282352.70,567188,bitmap,0,0,0,0,0,0,0,0,0,0,0,0,0,1,1,0,0,0,0,0,0,0,0,1,2,0,0,0,20000,80000,0,0,0,0,0,0,0,8,3-1,0.00940883724103063,12961.680
2,1298894.80,294163,bitmap,0,0,0,0,0,0,0,0,0,0,0,0,0,0,1,0,0,0,1,0,0,0,0,2,1,0,0,0,0,80000,0,0,0,25000,0,0,0,8,3-1,0.0118916977566718,4945.792
2,1299085.37,355636,bitmap,0,0,0,0,0,0,0,0,0,0,0,0,0,0,1,0,0,0,1,0,0,0,0,2,1,0,0,0,0,80000,0,0,0,30000,0,0,0,8,3-1,0.0141713943768128,4971.084
2,1299263.63,413140,bitmap,0,0,0,0,0,0,0,0,0,0,0,0,0,0,1,0,0,0,1,0,0,0,0,2,1,0,0,0,0,80000,0,0,0,35000,0,0,0,8,3-1,0.0165035698632075,4999.182
2,1299454.35,474662,bitmap,0,0,0,0,0,0,0,0,0,0,0,0,0,0,1,0,0,0,1,0,0,0,0,2,1,0,0,0,0,80000,0,0,0,40000,0,0,0,8,3-1,0.0188863737856927,4991.089
2,1299642.23,535269,bitmap,0,0,0,0,0,0,0,0,0,0,0,0,0,0,1,0,0,0,1,0,0,0,0,2,1,0,0,0,0,80000,0,0,0,45000,0,0,0,8,3-1,0.0213164720358659,4969.739
2,1299828.02,595202,bitmap,0,0,0,0,0,0,0,0,0,0,0,0,0,0,1,0,0,0,1,0,0,0,0,2,1,0,0,0,0,80000,0,0,0,50000,0,0,0,8,3-1,0.0237993658925912,4932.855
2,1300020.44,657272,bitmap,0,0,0,0,0,0,0,0,0,0,0,0,0,0,1,0,0,0,1,0,0,0,0,2,1,0,0,0,0,80000,0,0,0,55000,0,0,0,8,3-1,0.0260763452143842,5021.300
2,1300206.60,717325,bitmap,0,0,0,0,0,0,0,0,0,0,0,0,0,0,1,0,0,0,1,0,0,0,0,2,1,0,0,0,0,80000,0,0,0,60000,0,0,0,8,3-1,0.0284028693870368,4993.415
2,1300390.97,776800,bitmap,0,0,0,0,0,0,0,0,0,0,0,0,0,0,1,0,0,0,1,0,0,0,0,2,1,0,0,0,0,80000,0,0,0,65000,0,0,0,8,3-1,0.0307845230421232,4981.806
2,1300587.52,840201,bitmap,0,0,0,0,0,0,0,0,0,0,0,0,0,0,1,0,0,0,1,0,0,0,0,2,1,0,0,0,0,80000,0,0,0,70000,0,0,0,8,3-1,0.033216771792216,4974.400
2,1300776.39,901126,bitmap,0,0,0,0,0,0,0,0,0,0,0,0,0,0,1,0,0,0,1,0,0,0,0,2,1,0,0,0,0,80000,0,0,0,75000,0,0,0,8,3-1,0.0357042833890785,5025.626
0,734646.77,227610,bitmap,0,0,0,0,0,0,0,0,0,0,0,0,1,0,1,0,0,0,0,0,0,0,2,0,1,0,0,100000,0,75000,0,0,0,0,0,0,0,9,3-1,0.00306059481960907,9520.969
0,527622.89,143430,bitmap,0,0,0,0,0,0,0,0,0,0,0,0,1,0,1,0,0,0,0,0,0,0,2,0,1,0,0,100000,0,80000,0,0,0,0,0,0,0,9,3-1,0.00186211621328238,8739.161
0,357270.12,84480,bitmap,0,0,0,0,0,0,0,0,0,0,0,0,1,0,1,0,0,0,0,0,0,0,1,0,2,0,0,100000,0,85000,0,0,0,0,0,0,0,9,3-1,0.000980411246267716,9496.540
0,219702.61,42823,bitmap,0,0,0,0,0,0,0,0,0,0,0,0,1,0,1,0,0,0,0,0,0,0,1,0,2,0,0,100000,0,90000,0,0,0,0,0,0,0,9,3-1,0.000385272896439326,6079.357
0,145019.34,22357,bitmap,0,0,0,0,0,0,0,0,0,0,0,0,1,0,1,0,0,0,0,0,0,0,1,0,2,0,0,100000,0,95000,0,0,0,0,0,0,0,9,3-1,7.13165787273348e-05,2588.905
0,101283.63,11122,bitmap,0,0,0,0,0,0,0,0,0,0,0,0,1,0,1,0,0,0,0,0,0,0,1,0,2,0,0,100000,0,100000,0,0,0,0,0,0,0,9,3-1,0,458.156
0,8.60,1,index,0,0,0,0,1,0,0,0,0,0,0,0,0,0,0,0,0,1,0,0,0,0,1,0,2,0,0,0,0,105000,0,0,100000,0,0,0,0,9,3-1,0,0.372
0,8.60,1,index,0,0,0,0,1,0,0,0,0,0,0,0,0,0,0,0,0,1,0,0,0,0,1,0,2,0,0,0,0,110000,0,0,100000,0,0,0,0,9,3-1,0,0.230
0,8.60,1,index,0,0,0,0,1,0,0,0,0,0,0,0,0,0,0,0,0,1,0,0,0,0,1,0,2,0,0,0,0,115000,0,0,100000,0,0,0,0,9,3-1,0,0.177
0,8.60,1,index,0,0,0,0,1,0,0,0,0,0,0,0,0,0,0,0,0,1,0,0,0,0,1,0,2,0,0,0,0,120000,0,0,100000,0,0,0,0,9,3-1,0,0.168
2,1349040.12,944531,bitmap,0,0,0,0,0,0,0,0,0,0,0,0,0,0,1,0,0,0,1,0,0,0,0,2,1,0,0,0,0,75000,0,0,0,50000,0,0,0,10,3-1,0.0370309918045615,5564.313
2,1329122.93,803157,bitmap,0,0,0,0,0,0,0,0,0,0,0,0,0,0,1,0,0,0,1,0,0,0,0,2,1,0,0,0,0,77000,0,0,0,50000,0,0,0,10,3-1,0.0313648412801029,5348.071
2,1299828.02,595202,bitmap,0,0,0,0,0,0,0,0,0,0,0,0,0,0,1,0,0,0,1,0,0,0,0,2,1,0,0,0,0,80000,0,0,0,50000,0,0,0,10,3-1,0.0237993658925912,4949.643
2,1292873.02,486659,bitmap,0,0,0,0,0,0,0,0,0,0,0,0,0,0,1,0,0,0,1,0,0,0,0,2,1,0,0,0,0,82000,0,0,0,50000,0,0,0,10,3-1,0.0194156801651157,4653.369
2,1328646.01,350572,bitmap,0,0,0,0,0,0,0,0,0,0,0,0,0,0,1,0,0,0,1,0,0,0,0,2,1,0,0,0,0,85000,0,0,0,50000,0,0,0,10,3-1,0.0137073531693668,4030.903
0,1292043.14,574241,bitmap,0,0,0,0,0,0,0,0,0,0,0,0,0,0,1,0,0,0,1,0,0,0,0,2,1,0,0,0,0,88000,0,0,0,50000,0,0,0,10,3-1,0.00907350928845926,7903.890
0,1028228.84,289807,bitmap,0,0,0,0,0,0,0,0,0,0,0,0,0,0,1,0,0,0,1,0,0,0,0,2,1,0,0,0,0,92000,0,0,0,50000,0,0,0,10,3-1,0.00448510930507645,4785.261
0,899652.08,222668,bitmap,0,0,0,0,0,0,0,0,0,0,0,0,0,0,1,0,0,0,1,0,0,0,0,2,1,0,0,0,0,95000,0,0,0,50000,0,0,0,10,3-1,0.00218397436790806,2545.688
2,1353539.20,855395,bitmap,0,0,0,0,0,0,0,0,0,0,0,0,0,0,1,0,0,1,1,0,0,0,3,2,1,0,0,0,0,75000,0,0,1200000,75000,0,0,0,11,3-1,0.0333382500318574,5627.594
2,1353431.09,820521,bitmap,0,0,0,0,0,0,0,0,0,0,0,0,0,0,1,0,0,1,1,0,0,0,3,2,1,0,0,0,0,75000,0,0,1200000,72000,0,0,0,11,3-1,0.0319543949983573,5615.299
2,1353209.84,749151,bitmap,0,0,0,0,0,0,0,0,0,0,0,0,0,0,1,0,0,1,1,0,0,0,3,2,1,0,0,0,0,75000,0,0,1200000,66000,0,0,0,11,3-1,0.0292270609841101,5592.406
2,1352998.33,680922,bitmap,0,0,0,0,0,0,0,0,0,0,0,0,0,0,1,0,0,1,1,0,0,0,3,2,1,0,0,0,0,75000,0,0,1200000,60000,0,0,0,11,3-1,0.0265546063941664,5542.888
2,1352785.62,612305,bitmap,0,0,0,0,0,0,0,0,0,0,0,0,0,0,1,0,0,1,1,0,0,0,3,2,1,0,0,0,0,75000,0,0,1200000,54000,0,0,0,11,3-1,0.0239417156508316,5608.709
2,1352566.25,541540,bitmap,0,0,0,0,0,0,0,0,0,0,0,0,0,0,1,0,0,1,1,0,0,0,3,2,1,0,0,0,0,75000,0,0,1200000,48000,0,0,0,11,3-1,0.0213085701989522,5610.728
2,1352352.73,472662,bitmap,0,0,0,0,0,0,0,0,0,0,0,0,0,0,1,0,0,1,1,0,0,0,3,2,1,0,0,0,0,75000,0,0,1200000,42000,0,0,0,11,3-1,0.0185665661077345,5557.983
2,1352140.14,404084,bitmap,0,0,0,0,0,0,0,0,0,0,0,0,0,0,1,0,0,1,1,0,0,0,3,2,1,0,0,0,0,75000,0,0,1200000,36000,0,0,0,11,3-1,0.0158856262119067,5508.715
2,1351934.00,337588,bitmap,0,0,0,0,0,0,0,0,0,0,0,0,0,0,1,0,0,1,1,0,0,0,3,2,1,0,0,0,0,75000,0,0,1200000,30000,0,0,0,11,3-1,0.013256114938186,5574.427
2,1351719.16,268287,bitmap,0,0,0,0,0,0,0,0,0,0,0,0,0,0,1,0,0,1,1,0,0,0,3,2,1,0,0,0,0,75000,0,0,1200000,24000,0,0,0,11,3-1,0.0106462415629553,5549.300
2,1351512.14,201506,bitmap,0,0,0,0,0,0,0,0,0,0,0,0,0,0,1,0,0,1,1,0,0,0,3,2,1,0,0,0,0,75000,0,0,1200000,18000,0,0,0,11,3-1,0.00789668571620616,5539.049
0,1217806.53,326998,bitmap,0,0,0,0,0,0,0,0,0,0,0,0,0,1,1,0,0,1,0,0,0,0,3,1,2,0,0,0,12000,75000,0,0,1200000,0,0,0,0,11,3-1,0.00519894191403028,13828.538
0,828565.83,164934,bitmap,0,0,0,0,0,0,0,0,0,0,0,0,0,1,1,0,0,1,0,0,0,0,3,2,1,0,0,0,6000,75000,0,0,1200000,0,0,0,0,11,3-1,0.00256474621800415,10022.627
0,735044.15,170395,bitmap,0,0,0,0,0,0,0,0,0,0,0,0,1,0,1,0,0,0,1,0,0,0,2,3,1,0,0,100000,0,75000,0,0,0,75000,0,0,0,12,3-1,0.00229750075900978,9530.572
0,1108318.78,341005,bitmap,0,0,0,0,0,0,0,0,0,0,0,0,1,0,1,0,0,0,1,0,0,0,1,3,2,0,0,200000,0,75000,0,0,0,75000,0,0,0,12,3-1,0.00556519372203392,13893.722
0,1351623.74,510073,bitmap,0,0,0,0,0,0,0,0,0,0,0,0,1,0,1,0,0,0,1,0,0,0,1,3,2,0,0,300000,0,75000,0,0,0,75000,0,0,0,12,3-1,0.00784530710572518,14330.757
2,1351765.71,283301,bitmap,0,0,0,0,0,0,0,0,0,0,0,0,0,0,1,0,0,1,1,0,0,0,3,2,1,0,0,0,0,75000,0,0,400000,75000,0,0,0,12,3-1,0.0111072987433812,5676.686
2,1351984.13,353760,bitmap,0,0,0,0,0,0,0,0,0,0,0,0,0,0,1,0,0,1,1,0,0,0,3,2,1,0,0,0,0,75000,0,0,500000,75000,0,0,0,12,3-1,0.0134031491187318,5586.882
2,1352203.73,424599,bitmap,0,0,0,0,0,0,0,0,0,0,0,0,0,0,1,0,0,1,1,0,0,0,3,2,1,0,0,0,0,75000,0,0,600000,75000,0,0,0,12,3-1,0.0166620400355736,5577.924
2,1352430.48,497742,bitmap,0,0,0,0,0,0,0,0,0,0,0,0,0,0,1,0,0,1,1,0,0,0,3,2,1,0,0,0,0,75000,0,0,700000,75000,0,0,0,12,3-1,0.0189573069419538,5564.657
2,1352653.79,569778,bitmap,0,0,0,0,0,0,0,0,0,0,0,0,0,0,1,0,0,1,1,0,0,0,3,2,1,0,0,0,0,75000,0,0,800000,75000,0,0,0,12,3-1,0.022226550265385,5537.971
2,1352876.16,641510,bitmap,0,0,0,0,0,0,0,0,0,0,0,0,0,0,1,0,0,1,1,0,0,0,3,2,1,0,0,0,0,75000,0,0,900000,75000,0,0,0,12,3-1,0.0245111313543355,5590.450
2,1353095.25,712186,bitmap,0,0,0,0,0,0,0,0,0,0,0,0,0,0,1,0,0,1,1,0,0,0,3,2,1,0,0,0,0,75000,0,0,1000000,75000,0,0,0,12,3-1,0.0277832920226189,5607.674
2,1353310.33,781566,bitmap,0,0,0,0,0,0,0,0,0,0,0,0,0,0,1,0,0,1,1,0,0,0,3,2,1,0,0,0,0,75000,0,0,1100000,75000,0,0,0,12,3-1,0.0300723741579126,5600.100
2,1353539.20,855395,bitmap,0,0,0,0,0,0,0,0,0,0,0,0,0,0,1,0,0,1,1,0,0,0,3,2,1,0,0,0,0,75000,0,0,1200000,75000,0,0,0,13,3-1,0.0333382500318574,5560.099
2,1322648.72,663314,bitmap,0,0,0,0,0,0,0,0,0,0,0,0,0,0,1,0,0,1,1,0,0,0,3,2,1,0,0,0,0,78000,0,0,1200000,75000,0,0,0,13,3-1,0.0258615786216436,5254.596
2,1294707.29,489553,bitmap,0,0,0,0,0,0,0,0,0,0,0,0,0,0,1,0,0,1,1,0,0,0,3,2,1,0,0,0,0,81000,0,0,1200000,75000,0,0,0,13,3-1,0.0194154801186116,4841.804
2,1326138.75,355938,bitmap,0,0,0,0,0,0,0,0,0,0,0,0,0,0,1,0,0,1,1,0,0,0,3,2,1,0,0,0,0,84000,0,0,1200000,75000,0,0,0,13,3-1,0.0139531269702497,4270.789
2,1311009.45,249458,bitmap,0,0,0,0,0,0,0,0,0,0,0,0,0,0,1,0,0,1,1,0,0,0,3,2,1,0,0,0,0,87000,0,0,1200000,75000,0,0,0,13,3-1,0.00947526935094845,3464.146
0,1199218.25,386249,bitmap,0,0,0,0,0,0,0,0,0,0,0,0,0,0,1,0,0,1,1,0,0,0,3,2,1,0,0,0,0,90000,0,0,1200000,75000,0,0,0,13,3-1,0.00591432488339123,6361.960
0,990800.95,242190,bitmap,0,0,0,0,0,0,0,0,0,0,0,0,0,0,1,0,0,1,1,0,0,0,3,2,1,0,0,0,0,93000,0,0,1200000,75000,0,0,0,13,3-1,0.00326515904063831,4031.407
0,900720.06,201654,bitmap,0,0,0,0,0,0,0,0,0,0,0,0,0,0,1,0,0,1,1,0,0,0,3,2,1,0,0,0,0,95000,0,0,1200000,75000,0,0,0,13,3-1,0.00197322537579236,2536.880
2,1302518.92,492509,bitmap,0,0,0,0,0,0,0,0,0,0,0,0,0,0,1,0,0,1,1,0,0,0,3,2,1,0,0,0,0,80000,0,0,1100000,75000,0,0,0,14,3-1,0.0192624612134834,5002.977
2,1294656.21,473077,bitmap,0,0,0,0,0,0,0,0,0,0,0,0,0,0,1,0,0,1,1,0,0,0,3,2,1,0,0,0,0,81000,0,0,1160000,75000,0,0,0,14,3-1,0.0185177714312654,4773.186
2,1295215.76,448683,bitmap,0,0,0,0,0,0,0,0,0,0,0,0,0,0,1,0,0,1,1,0,0,0,3,2,1,0,0,0,0,82000,0,0,1220000,75000,0,0,0,14,3-1,0.017666956978599,4687.008
2,1313623.39,426170,bitmap,0,0,0,0,0,0,0,0,0,0,0,0,0,0,1,0,0,1,1,0,0,0,3,2,1,0,0,0,0,83000,0,0,1280000,75000,0,0,0,14,3-1,0.0163946945533272,4502.552
2,1326270.66,398492,bitmap,0,0,0,0,0,0,0,0,0,0,0,0,0,0,1,0,0,1,1,0,0,0,3,2,1,0,0,0,0,84000,0,0,1340000,75000,0,0,0,14,3-1,0.015305324644469,4326.353
2,1330481.38,370870,bitmap,0,0,0,0,0,0,0,0,0,0,0,0,0,0,1,0,0,1,1,0,0,0,3,2,1,0,0,0,0,85000,0,0,1400000,75000,0,0,0,14,3-1,0.0144085661780175,4027.995
2,1326097.87,346430,bitmap,0,0,0,0,0,0,0,0,0,0,0,0,0,0,1,0,0,1,1,0,0,0,3,2,1,0,0,0,0,86000,0,0,1460000,75000,0,0,0,14,3-1,0.0129861855219277,3710.615
2,1311221.56,317881,bitmap,0,0,0,0,0,0,0,0,0,0,0,0,0,0,1,0,0,1,1,0,0,0,3,2,1,0,0,0,0,87000,0,0,1520000,75000,0,0,0,14,3-1,0.0117414795026017,3483.204
0,1295261.25,688727,bitmap,0,0,0,0,0,0,0,0,0,0,0,0,0,0,1,0,0,1,1,0,0,0,3,2,1,0,0,0,0,88000,0,0,1580000,75000,0,0,0,14,3-1,0.010669380275268,7915.684
0,1256006.17,621891,bitmap,0,0,0,0,0,0,0,0,0,0,0,0,0,0,1,0,0,1,1,0,0,0,3,2,1,0,0,0,0,89000,0,0,1640000,75000,0,0,0,14,3-1,0.00944527904586886,7122.750
0,1199666.75,549341,bitmap,0,0,0,0,0,0,0,0,0,0,0,0,0,0,1,0,0,1,1,0,0,0,3,2,1,0,0,0,0,90000,0,0,1700000,75000,0,0,0,14,3-1,0.00816843222154377,6365.228
0,1120701.64,469327,bitmap,0,0,0,0,0,0,0,0,0,0,0,0,0,0,1,0,0,1,1,0,0,0,3,2,1,0,0,0,0,91000,0,0,1760000,75000,0,0,0,14,3-1,0.00710025057158287,5583.086
0,1029993.61,398735,bitmap,0,0,0,0,0,0,0,0,0,0,0,0,0,0,1,0,0,1,1,0,0,0,3,2,1,0,0,0,0,92000,0,0,1820000,75000,0,0,0,14,3-1,0.00608488119871599,4790.702
0,991180.96,380376,bitmap,0,0,0,0,0,0,0,0,0,0,0,0,0,0,1,0,0,1,1,0,0,0,3,2,1,0,0,0,0,93000,0,0,1880000,75000,0,0,0,14,3-1,0.00496945523269309,3999.386
0,948362.99,360108,bitmap,0,0,0,0,0,0,0,0,0,0,0,0,0,0,1,0,0,1,1,0,0,0,3,2,1,0,0,0,0,94000,0,0,1940000,75000,0,0,0,14,3-1,0.0040250523571713,3266.309
0,901092.58,337114,bitmap,0,0,0,0,0,0,0,0,0,0,0,0,0,0,1,0,0,1,1,0,0,0,3,2,1,0,0,0,0,95000,0,0,2000000,75000,0,0,0,14,3-1,0.00328741421422433,2534.877
2,1302210.96,393165,bitmap,0,0,0,0,0,0,0,0,0,0,0,0,0,0,1,0,0,1,1,0,0,0,3,2,1,0,0,0,0,80000,0,0,1200000,55000,0,0,0,15,3-1,0.0156654917046383,5013.725
2,1294317.26,363737,bitmap,0,0,0,0,0,0,0,0,0,0,0,0,0,0,1,0,0,1,1,0,0,0,3,2,1,0,0,0,0,81000,0,0,1200000,56000,0,0,0,15,3-1,0.0144320549717124,4856.956
2,1294858.05,333293,bitmap,0,0,0,0,0,0,0,0,0,0,0,0,0,0,1,0,0,1,1,0,0,0,3,2,1,0,0,0,0,82000,0,0,1200000,57000,0,0,0,15,3-1,0.0132245742726993,4655.772
2,1313252.18,306424,bitmap,0,0,0,0,0,0,0,0,0,0,0,0,0,0,1,0,0,1,1,0,0,0,3,2,1,0,0,0,0,83000,0,0,1200000,58000,0,0,0,15,3-1,0.0120401322627467,4451.391
2,1325898.71,278507,bitmap,0,0,0,0,0,0,0,0,0,0,0,0,0,0,1,0,0,1,1,0,0,0,3,2,1,0,0,0,0,84000,0,0,1200000,59000,0,0,0,15,3-1,0.0109058352431662,4322.581
2,1330115.14,252731,bitmap,0,0,0,0,0,0,0,0,0,0,0,0,0,0,1,0,0,1,1,0,0,0,3,2,1,0,0,0,0,85000,0,0,1200000,60000,0,0,0,15,3-1,0.00981218100501097,4044.957
2,1325734.47,229204,bitmap,0,0,0,0,0,0,0,0,0,0,0,0,0,0,1,0,0,1,1,0,0,0,3,2,1,0,0,0,0,86000,0,0,1200000,61000,0,0,0,15,3-1,0.00876365392408222,3770.900
2,1310871.90,205086,bitmap,0,0,0,0,0,0,0,0,0,0,0,0,0,0,1,0,0,1,1,0,0,0,3,2,1,0,0,0,0,87000,0,0,1200000,62000,0,0,0,15,3-1,0.00776773907374334,3540.335
0,1294561.71,434348,bitmap,0,0,0,0,0,0,0,0,0,0,0,0,0,0,1,0,0,1,1,0,0,0,3,2,1,0,0,0,0,88000,0,0,1200000,63000,0,0,0,15,3-1,0.00680703240813381,7888.544
0,1255353.79,384663,bitmap,0,0,0,0,0,0,0,0,0,0,0,0,0,0,1,0,0,1,1,0,0,0,3,2,1,0,0,0,0,89000,0,0,1200000,64000,0,0,0,15,3-1,0.00592479398377476,7124.541
0,1199071.70,332959,bitmap,0,0,0,0,0,0,0,0,0,0,0,0,0,0,1,0,0,1,1,0,0,0,3,2,1,0,0,0,0,90000,0,0,1200000,65000,0,0,0,15,3-1,0.0050751798101332,6318.197
0,1120180.13,279684,bitmap,0,0,0,0,0,0,0,0,0,0,0,0,0,0,1,0,0,1,1,0,0,0,3,2,1,0,0,0,0,91000,0,0,1200000,66000,0,0,0,15,3-1,0.00429503178505563,5551.150
0,1029539.10,233462,bitmap,0,0,0,0,0,0,0,0,0,0,0,0,0,0,1,0,0,1,1,0,0,0,3,2,1,0,0,0,0,92000,0,0,1200000,67000,0,0,0,15,3-1,0.0035810491412237,4791.905
0,990736.89,218894,bitmap,0,0,0,0,0,0,0,0,0,0,0,0,0,0,1,0,0,1,1,0,0,0,3,2,1,0,0,0,0,93000,0,0,1200000,68000,0,0,0,15,3-1,0.00292859746795805,4017.446
0,947933.26,203845,bitmap,0,0,0,0,0,0,0,0,0,0,0,0,0,0,1,0,0,1,1,0,0,0,3,2,1,0,0,0,0,94000,0,0,1200000,69000,0,0,0,15,3-1,0.00233472607932257,3257.743
0,900720.06,201654,bitmap,0,0,0,0,0,0,0,0,0,0,0,0,0,0,1,0,0,1,1,0,0,0,3,2,1,0,0,0,0,95000,0,0,1200000,75000,0,0,0,15,3-1,0.00197322537579236,2518.977
0,909020.58,139095,bitmap,0,0,0,0,0,0,0,0,0,0,0,0,1,1,1,0,0,0,0,0,0,0,2,1,3,0,0,250000,25000,75000,0,0,0,0,0,0,0,16,3-1,0.00218664165462998,14654.195
0,1123071.90,201304,bitmap,0,0,0,0,0,0,0,0,0,0,0,0,1,1,1,0,0,0,0,0,0,0,2,1,3,0,0,300000,30000,75000,0,0,0,0,0,0,0,16,3-1,0.00311209012388413,14856.888
2,1351241.02,114046,bitmap,0,0,0,0,0,0,0,0,0,0,0,0,0,0,1,0,0,1,1,0,0,0,3,2,1,0,0,0,0,75000,0,0,350000,35000,0,0,0,16,3-1,0.00431955415235528,5557.389
2,1351350.08,149227,bitmap,0,0,0,0,0,0,0,0,0,0,0,0,0,0,1,0,0,1,1,0,0,0,3,2,1,0,0,0,0,75000,0,0,400000,40000,0,0,0,16,3-1,0.00586688052082507,5509.077
2,1351473.56,189061,bitmap,0,0,0,0,0,0,0,0,0,0,0,0,0,0,1,0,0,1,1,0,0,0,3,2,1,0,0,0,0,75000,0,0,450000,45000,0,0,0,16,3-1,0.00723808261293809,5525.756
2,1351611.83,233662,bitmap,0,0,0,0,0,0,0,0,0,0,0,0,0,0,1,0,0,1,1,0,0,0,3,2,1,0,0,0,0,75000,0,0,500000,50000,0,0,0,16,3-1,0.00892029033682697,5562.497
2,1351770.16,284738,bitmap,0,0,0,0,0,0,0,0,0,0,0,0,0,0,1,0,0,1,1,0,0,0,3,2,1,0,0,0,0,75000,0,0,550000,55000,0,0,0,16,3-1,0.0108724108064321,5574.171
2,1351935.26,337995,bitmap,0,0,0,0,0,0,0,0,0,0,0,0,0,0,1,0,0,1,1,0,0,0,3,2,1,0,0,0,0,75000,0,0,600000,60000,0,0,0,16,3-1,0.0132619662984322,5501.597
2,1352120.40,397718,bitmap,0,0,0,0,0,0,0,0,0,0,0,0,0,0,1,0,0,1,1,0,0,0,3,2,1,0,0,0,0,75000,0,0,650000,65000,0,0,0,16,3-1,0.0152750342696332,5518.915
2,1352326.15,464090,bitmap,0,0,0,0,0,0,0,0,0,0,0,0,0,0,1,0,0,1,1,0,0,0,3,2,1,0,0,0,0,75000,0,0,700000,70000,0,0,0,16,3-1,0.0176492695335242,5562.604
2,1352540.73,533307,bitmap,0,0,0,0,0,0,0,0,0,0,0,0,0,0,1,0,0,1,1,0,0,0,3,2,1,0,0,0,0,75000,0,0,750000,75000,0,0,0,16,3-1,0.0204657909475356,5561.123
2,1352773.00,608234,bitmap,0,0,0,0,0,0,0,0,0,0,0,0,0,0,1,0,0,1,1,0,0,0,3,2,1,0,0,0,0,75000,0,0,800000,80000,0,0,0,16,3-1,0.023661633874488,5578.803
2,1353012.84,685601,bitmap,0,0,0,0,0,0,0,0,0,0,0,0,0,0,1,0,0,1,1,0,0,0,3,2,1,0,0,0,0,75000,0,0,850000,85000,0,0,0,16,3-1,0.0262877276870963,5521.297
2,1353273.97,769838,bitmap,0,0,0,0,0,0,0,0,0,0,0,0,0,0,1,0,0,1,1,0,0,0,3,2,1,0,0,0,0,75000,0,0,900000,90000,0,0,0,16,3-1,0.0293442215533704,5561.805
