workers,cost,rows,type,parallel,i_q,i_p,i_s,i_e,i_d,i_o_q,i_o_p,i_o_s,i_o_e,i_o_d,b_i_q,b_i_p,b_i_s,b_i_e,b_i_d,s_q,s_p,s_s,s_e,s_d,o_q,o_p,o_s,o_e,o_d,v_i_q,v_i_p,v_i_s,v_i_e,v_i_d,v_f_q,v_f_p,v_f_s,v_f_e,v_f_d,forced_parallel,query,batch,selectivity,latency
0,1298050.63,1221716,bitmap,0,0,0,0,0,0,0,0,0,0,0,1,0,0,0,0,0,0,0,0,0,1,0,0,0,0,2,0,0,0,0,0,0,0,0,0,0,2,3-1,0.0200017664106316,7333.837
2,1277088.83,1019763,bitmap,0,0,0,0,0,0,0,0,0,0,0,1,0,0,0,0,0,0,0,0,0,1,0,0,0,0,3,0,0,0,0,0,0,0,0,0,0,2,3-1,0.0399808608841269,4136.113
2,1306644.98,1512982,bitmap,0,0,0,0,0,0,0,0,0,0,0,1,0,0,0,0,0,0,0,0,0,1,0,0,0,0,4,0,0,0,0,0,0,0,0,0,0,2,3-1,0.0600066495457977,4617.032
0,356205.40,119995,bitmap,0,0,0,0,0,0,0,0,0,0,0,0,0,1,0,0,0,0,0,0,0,0,0,1,0,0,0,0,200,0,0,0,0,0,0,0,0,3,3-1,0.0019884289101073,761.351
0,615516.18,246592,bitmap,0,0,0,0,0,0,0,0,0,0,0,0,0,1,0,0,0,0,0,0,0,0,0,1,0,0,0,0,400,0,0,0,0,0,0,0,0,3,3-1,0.00399019425382421,1533.994
0,805813.68,373188,bitmap,0,0,0,0,0,0,0,0,0,0,0,0,0,1,0,0,0,0,0,0,0,0,0,1,0,0,0,0,600,0,0,0,0,0,0,0,0,3,3-1,0.0059919429269991,2258.037
0,942676.39,493786,bitmap,0,0,0,0,0,0,0,0,0,0,0,0,0,1,0,0,0,0,0,0,0,0,0,1,0,0,0,0,800,0,0,0,0,0,0,0,0,3,3-1,0.00798275572461411,2937.273
0,1047763.26,614553,bitmap,0,0,0,0,0,0,0,0,0,0,0,0,0,1,0,0,0,0,0,0,0,0,0,1,0,0,0,0,1000,0,0,0,0,0,0,0,0,3,3-1,0.00998722169613696,3476.698
0,1133128.69,743396,bitmap,0,0,0,0,0,0,0,0,0,0,0,0,0,1,0,0,0,0,0,0,0,0,0,1,0,0,0,0,1200,0,0,0,0,0,0,0,0,3,3-1,0.0119918710436219,3980.045
0,1194678.11,866242,bitmap,0,0,0,0,0,0,0,0,0,0,0,0,0,1,0,0,0,0,0,0,0,0,0,1,0,0,0,0,1400,0,0,0,0,0,0,0,0,3,3-1,0.0139892687053317,4454.243
0,1243023.35,995085,bitmap,0,0,0,0,0,0,0,0,0,0,0,0,0,1,0,0,0,0,0,0,0,0,0,1,0,0,0,0,1600,0,0,0,0,0,0,0,0,3,3-1,0.0159916675296451,4901.150
0,1276907.04,1117930,bitmap,0,0,0,0,0,0,0,0,0,0,0,0,0,1,0,0,0,0,0,0,0,0,0,1,0,0,0,0,1800,0,0,0,0,0,0,0,0,3,3-1,0.0180007845823893,5222.318
0,1302516.45,1248269,bitmap,0,0,0,0,0,0,0,0,0,0,0,0,0,1,0,0,0,0,0,0,0,0,0,1,0,0,0,0,2000,0,0,0,0,0,0,0,0,3,3-1,0.0199948814767806,5621.541
0,1318595.85,1368727,bitmap,0,0,0,0,0,0,0,0,0,0,0,0,0,1,0,0,0,0,0,0,0,0,0,1,0,0,0,0,2200,0,0,0,0,0,0,0,0,3,3-1,0.0219959799988171,5902.563
0,1327729.28,1473188,bitmap,0,0,0,0,0,0,0,0,0,0,0,0,0,1,0,0,0,0,0,0,0,0,0,1,0,0,0,0,2400,0,0,0,0,0,0,0,0,3,3-1,0.0239903602924226,6163.736
0,1333163.02,1577650,bitmap,0,0,0,0,0,0,0,0,0,0,0,0,0,1,0,0,0,0,0,0,0,0,0,1,0,0,0,0,2600,0,0,0,0,0,0,0,0,3,3-1,0.0259950263104496,6416.554
2,1321778.35,703379,bitmap,0,0,0,0,0,0,0,0,0,0,0,0,0,1,0,0,0,0,0,0,0,0,0,1,0,0,0,0,2800,0,0,0,0,0,0,0,0,3,3-1,0.0279854556855984,2834.172
2,1320464.69,746905,bitmap,0,0,0,0,0,0,0,0,0,0,0,0,0,1,0,0,0,0,0,0,0,0,0,1,0,0,0,0,3000,0,0,0,0,0,0,0,0,3,3-1,0.0299814530217791,2923.788
2,1316495.61,795148,bitmap,0,0,0,0,0,0,0,0,0,0,0,0,0,1,0,0,0,0,0,0,0,0,0,1,0,0,0,0,3200,0,0,0,0,0,0,0,0,3,3-1,0.0319848354080712,3018.779
2,1310459.79,842601,bitmap,0,0,0,0,0,0,0,0,0,0,0,0,0,1,0,0,0,0,0,0,0,0,0,1,0,0,0,0,3400,0,0,0,0,0,0,0,0,3,3-1,0.0339856672014354,3094.801
2,1302688.67,890053,bitmap,0,0,0,0,0,0,0,0,0,0,0,0,0,1,0,0,0,0,0,0,0,0,0,1,0,0,0,0,3600,0,0,0,0,0,0,0,0,3,3-1,0.035986949099434,3158.904
2,1293485.06,937505,bitmap,0,0,0,0,0,0,0,0,0,0,0,0,0,1,0,0,0,0,0,0,0,0,0,1,0,0,0,0,3800,0,0,0,0,0,0,0,0,3,3-1,0.0379797123504644,3232.485
2,1282542.38,987457,bitmap,0,0,0,0,0,0,0,0,0,0,0,0,0,1,0,0,0,0,0,0,0,0,0,1,0,0,0,0,4000,0,0,0,0,0,0,0,0,3,3-1,0.0399716754154783,3282.009
0,468846.37,114923,bitmap,0,0,0,0,0,0,0,0,0,0,0,1,0,0,0,1,0,0,0,0,0,2,0,0,0,1,2,0,0,0,0.01,0,0,0,0,0,0,4,3-1,0.00182125671481097,7894.157
0,798911.62,224592,bitmap,0,0,0,0,0,0,0,0,0,0,0,1,0,0,0,1,0,0,0,0,0,2,0,0,0,1,2,0,0,0,0.02,0,0,0,0,0,0,4,3-1,0.00363316125555321,8291.657
0,1081865.40,337886,bitmap,0,0,0,0,0,0,0,0,0,0,0,1,0,0,0,1,0,0,0,0,0,2,0,0,0,1,2,0,0,0,0.03,0,0,0,0,0,0,4,3-1,0.00545213410610853,8594.859
0,1298975.75,447474,bitmap,0,0,0,0,0,0,0,0,0,0,0,1,0,0,0,0,0,0,0,0,1,1,0,0,0,2,2,0,0,0,0,0,0,0,0,0.04,0,4,3-1,0.00727362420850767,7351.139
0,1299280.82,558406,bitmap,0,0,0,0,0,0,0,0,0,0,0,1,0,0,0,0,0,0,0,0,1,1,0,0,0,2,2,0,0,0,0,0,0,0,0,0.05,0,4,3-1,0.00910306615944653,7359.533
0,1299587.56,669948,bitmap,0,0,0,0,0,0,0,0,0,0,0,1,0,0,0,0,0,0,0,0,1,1,0,0,0,2,2,0,0,0,0,0,0,0,0,0.06,0,4,3-1,0.0109216055759095,7373.270
0,1299888.92,779536,bitmap,0,0,0,0,0,0,0,0,0,0,0,1,0,0,0,0,0,0,0,0,1,1,0,0,0,2,2,0,0,0,0,0,0,0,0,0.07,0,4,3-1,0.012740711790801,7371.369
0,1300182.79,886396,bitmap,0,0,0,0,0,0,0,0,0,0,0,1,0,0,0,0,0,0,0,0,1,1,0,0,0,2,2,0,0,0,0,0,0,0,0,0.08,0,4,3-1,0.0145593845716001,7374.045
0,1300487.18,997083,bitmap,0,0,0,0,0,0,0,0,0,0,0,1,0,0,0,0,0,0,0,0,1,1,0,0,0,2,2,0,0,0,0,0,0,0,0,0.09,0,4,3-1,0.0163651376823399,7376.846
0,1300798.85,1110418,bitmap,0,0,0,0,0,0,0,0,0,0,0,1,0,0,0,0,0,0,0,0,1,1,0,0,0,2,2,0,0,0,0,0,0,0,0,0.10,0,4,3-1,0.0181899952342254,7370.185
0,1301104.92,1221716,bitmap,0,0,0,0,0,0,0,0,0,0,0,1,0,0,0,0,0,0,0,0,1,1,0,0,0,2,2,0,0,0,0,0,0,0,0,0.11,0,4,3-1,0.0200017664106316,7378.838
0,1301104.92,1221716,bitmap,0,0,0,0,0,0,0,0,0,0,0,1,0,0,0,0,0,0,0,0,1,1,0,0,0,2,2,0,0,0,0,0,0,0,0,0.12,0,4,3-1,0.0200017664106316,7375.784
0,1301104.92,1221716,bitmap,0,0,0,0,0,0,0,0,0,0,0,1,0,0,0,0,0,0,0,0,1,1,0,0,0,2,2,0,0,0,0,0,0,0,0,0.13,0,4,3-1,0.0200017664106316,7378.912
0,1301104.92,1221716,bitmap,0,0,0,0,0,0,0,0,0,0,0,1,0,0,0,0,0,0,0,0,1,1,0,0,0,2,2,0,0,0,0,0,0,0,0,0.14,0,4,3-1,0.0200017664106316,7375.299
0,1301104.92,1221716,bitmap,0,0,0,0,0,0,0,0,0,0,0,1,0,0,0,0,0,0,0,0,1,1,0,0,0,2,2,0,0,0,0,0,0,0,0,0.15,0,4,3-1,0.0200017664106316,7375.135
0,468846.37,114923,bitmap,0,0,0,0,0,0,0,0,0,0,0,1,0,0,0,1,0,0,0,0,0,2,0,0,0,1,2,0,0,0,0.01,0,0,0,0,0,0,5,3-1,0.00182125671481097,7878.472
0,732273.40,230222,bitmap,0,0,0,0,0,0,0,0,0,0,0,1,0,0,0,1,0,0,0,0,0,2,0,0,0,1,3,0,0,0,0.01,0,0,0,0,0,0,5,3-1,0.0036343948756621,10820.843
0,929279.66,341571,bitmap,0,0,0,0,0,0,0,0,0,0,0,1,0,0,0,1,0,0,0,0,0,2,0,0,0,1,4,0,0,0,0.01,0,0,0,0,0,0,5,3-1,0.0054490333852943,11927.708
0,1083970.69,451039,bitmap,0,0,0,0,0,0,0,0,0,0,0,1,0,0,0,1,0,0,0,0,0,2,0,0,0,1,5,0,0,0,0.01,0,0,0,0,0,0,5,3-1,0.0072631050964981,12394.084
0,1218294.02,568971,bitmap,0,0,0,0,0,0,0,0,0,0,0,1,0,0,0,1,0,0,0,0,0,1,0,0,0,2,6,0,0,0,0.01,0,0,0,0,0,0,5,3-1,0.00908557876087594,12578.651
0,1321113.44,679944,bitmap,0,0,0,0,0,0,0,0,0,0,0,1,0,0,0,1,0,0,0,0,0,1,0,0,0,2,7,0,0,0,0.01,0,0,0,0,0,0,5,3-1,0.0108956495419969,12695.087
2,1356484.52,330568,bitmap,0,0,0,0,0,0,0,0,0,0,0,0,0,0,0,1,1,0,0,0,0,2,0,0,0,1,0,0,0,0,0.01,8,0,0,0,0,0,5,3-1,0.0127067705672645,5015.896
2,1356625.67,376101,bitmap,0,0,0,0,0,0,0,0,0,0,0,0,0,0,0,1,1,0,0,0,0,2,0,0,0,1,0,0,0,0,0.01,9,0,0,0,0,0,5,3-1,0.014524559809337,5002.845
2,1356775.32,424377,bitmap,0,0,0,0,0,0,0,0,0,0,0,0,0,0,0,1,1,0,0,0,0,2,0,0,0,1,0,0,0,0,0.01,10,0,0,0,0,0,5,3-1,0.016337531264768,5005.973
2,1356936.64,476415,bitmap,0,0,0,0,0,0,0,0,0,0,0,0,0,0,0,1,1,0,0,0,0,2,0,0,0,1,0,0,0,0,0.01,11,0,0,0,0,0,5,3-1,0.0181655562196359,5036.675
2,1357079.50,522497,bitmap,0,0,0,0,0,0,0,0,0,0,0,0,0,0,0,1,1,0,0,0,0,2,0,0,0,1,0,0,0,0,0.01,12,0,0,0,0,0,5,3-1,0.0199775441130882,5024.316
2,1357229.88,571009,bitmap,0,0,0,0,0,0,0,0,0,0,0,0,0,0,0,1,1,0,0,0,0,2,0,0,0,1,0,0,0,0,0.01,13,0,0,0,0,0,5,3-1,0.021790298851473,5016.258
2,1357373.47,617326,bitmap,0,0,0,0,0,0,0,0,0,0,0,0,0,0,0,1,1,0,0,0,0,2,0,0,0,1,0,0,0,0,0.01,14,0,0,0,0,0,5,3-1,0.0236072378959029,5025.691
0,573489.92,222661,bitmap,0,0,0,0,0,0,0,0,0,0,0,0,0,0,1,0,0,0,0,0,0,0,0,0,1,0,0,0,0,100000,0,0,0,0,0,0,0,6,3-1,0.000684325749592589,184.165
0,652190.43,267648,bitmap,0,0,0,0,0,0,0,0,0,0,0,0,0,0,1,0,0,0,0,0,0,0,0,0,1,0,0,0,0,99000,0,0,0,0,0,0,0,6,3-1,0.00109952226894345,293.289
0,722897.45,312634,bitmap,0,0,0,0,0,0,0,0,0,0,0,0,0,0,1,0,0,0,0,0,0,0,0,0,1,0,0,0,0,98000,0,0,0,0,0,0,0,6,3-1,0.00165030030647791,700.938
0,786611.79,357621,bitmap,0,0,0,0,0,0,0,0,0,0,0,0,0,0,1,0,0,0,0,0,0,0,0,0,1,0,0,0,0,97000,0,0,0,0,0,0,0,6,3-1,0.00237301831432414,1332.717
0,844145.68,402608,bitmap,0,0,0,0,0,0,0,0,0,0,0,0,0,0,1,0,0,0,0,0,0,0,0,0,1,0,0,0,0,96000,0,0,0,0,0,0,0,6,3-1,0.00326092472296727,1762.821
0,896174.93,447594,bitmap,0,0,0,0,0,0,0,0,0,0,0,0,0,0,1,0,0,0,0,0,0,0,0,0,1,0,0,0,0,95000,0,0,0,0,0,0,0,6,3-1,0.00438410249102575,2452.426
0,943290.45,492581,bitmap,0,0,0,0,0,0,0,0,0,0,0,0,0,0,1,0,0,0,0,0,0,0,0,0,1,0,0,0,0,94000,0,0,0,0,0,0,0,6,3-1,0.00569349021335826,3164.172
0,985982.81,537567,bitmap,0,0,0,0,0,0,0,0,0,0,0,0,0,0,1,0,0,0,0,0,0,0,0,0,1,0,0,0,0,93000,0,0,0,0,0,0,0,6,3-1,0.00723868275245052,3907.081
0,1024695.30,582554,bitmap,0,0,0,0,0,0,0,0,0,0,0,0,0,0,1,0,0,0,0,0,0,0,0,0,1,0,0,0,0,92000,0,0,0,0,0,0,0,6,3-1,0.00897878726874708,4649.909
0,1109977.12,700601,bitmap,0,0,0,0,0,0,0,0,0,0,0,0,0,0,1,0,0,0,0,0,0,0,0,0,1,0,0,0,0,91000,0,0,0,0,0,0,0,6,3-1,0.0109341751645866,5406.192
0,1190092.05,848881,bitmap,0,0,0,0,0,0,0,0,0,0,0,0,0,0,1,0,0,0,0,0,0,0,0,0,1,0,0,0,0,90000,0,0,0,0,0,0,0,6,3-1,0.0131108811761774,6150.381
0,1247344.10,997162,bitmap,0,0,0,0,0,0,0,0,0,0,0,0,0,0,1,0,0,0,0,0,0,0,0,0,1,0,0,0,0,89000,0,0,0,0,0,0,0,6,3-1,0.0155485311818821,6908.526
0,1287319.52,1145443,bitmap,0,0,0,0,0,0,0,0,0,0,0,0,0,0,1,0,0,0,0,0,0,0,0,0,1,0,0,0,0,88000,0,0,0,0,0,0,0,6,3-1,0.0181422508019031,7654.884
0,1318915.49,1329310,bitmap,0,0,0,0,0,0,0,0,0,0,0,0,0,0,1,0,0,0,0,0,0,0,0,0,1,0,0,0,0,87000,0,0,0,0,0,0,0,6,3-1,0.0210210200197873,8591.640
0,1336988.35,1535178,bitmap,0,0,0,0,0,0,0,0,0,0,0,0,0,0,1,0,0,0,0,0,0,0,0,0,1,0,0,0,0,86000,0,0,0,0,0,0,0,6,3-1,0.0241060371834439,9079.740
2,1327844.31,722937,bitmap,0,0,0,0,0,0,0,0,0,0,0,0,0,0,1,0,0,0,0,0,0,0,0,0,1,0,0,0,0,85000,0,0,0,0,0,0,0,6,3-1,0.0274252587918271,3907.096
2,1322388.99,805920,bitmap,0,0,0,0,0,0,0,0,0,0,0,0,0,0,1,0,0,0,0,0,0,0,0,0,1,0,0,0,0,84000,0,0,0,0,0,0,0,6,3-1,0.0309781013759665,4174.566
2,1310738.11,888783,bitmap,0,0,0,0,0,0,0,0,0,0,0,0,0,0,1,0,0,0,0,0,0,0,0,0,1,0,0,0,0,83000,0,0,0,0,0,0,0,6,3-1,0.0347786848849463,4352.766
2,1294682.53,971645,bitmap,0,0,0,0,0,0,0,0,0,0,0,0,0,0,1,0,0,0,0,0,0,0,0,0,1,0,0,0,0,82000,0,0,0,0,0,0,0,6,3-1,0.0388314103418575,4534.733
2,1289788.11,1073908,bitmap,0,0,0,0,0,0,0,0,0,0,0,0,0,0,1,0,0,0,0,0,0,0,0,0,1,0,0,0,0,81000,0,0,0,0,0,0,0,6,3-1,0.0430938845583637,4696.163
2,1297349.65,1183954,bitmap,0,0,0,0,0,0,0,0,0,0,0,0,0,0,1,0,0,0,0,0,0,0,0,0,1,0,0,0,0,80000,0,0,0,0,0,0,0,6,3-1,0.0476064835872179,4864.967
0,524542.02,142312,bitmap,0,0,0,0,0,0,0,0,0,0,0,0,1,0,1,0,0,0,0,0,0,0,2,0,1,0,0,100000,0,80000,0,0,0,0,0,0,0,7,3-1,0.00186211621328238,8467.679
0,850300.49,285745,bitmap,0,0,0,0,0,0,0,0,0,0,0,0,1,0,1,0,0,0,0,0,0,0,1,0,2,0,0,200000,0,80000,0,0,0,0,0,0,0,7,3-1,0.00476915867041892,12191.922
0,1102247.16,432380,bitmap,0,0,0,0,0,0,0,0,0,0,0,0,1,0,1,0,0,0,0,0,0,0,1,0,2,0,0,300000,0,80000,0,0,0,0,0,0,0,7,3-1,0.00661955549266686,12377.434
0,1294144.34,574798,bitmap,0,0,0,0,0,0,0,0,0,0,0,0,1,0,1,0,0,0,0,0,0,0,1,0,2,0,0,400000,0,80000,0,0,0,0,0,0,0,7,3-1,0.00952959864736556,12653.391
2,1297560.65,297217,bitmap,0,0,0,0,0,0,0,0,0,0,0,0,0,0,1,0,0,1,0,0,0,0,2,0,1,0,0,0,0,80000,0,0,500000,0,0,0,0,7,3-1,0.0113955990969367,4860.488
2,1297744.90,356652,bitmap,0,0,0,0,0,0,0,0,0,0,0,0,0,0,1,0,0,1,0,0,0,0,2,0,1,0,0,0,0,80000,0,0,600000,0,0,0,0,7,3-1,0.0142989907053726,4834.716
2,1297928.63,415920,bitmap,0,0,0,0,0,0,0,0,0,0,0,0,0,0,1,0,0,1,0,0,0,0,2,0,1,0,0,0,0,80000,0,0,700000,0,0,0,0,7,3-1,0.016156855930442,4831.211
2,1298115.91,476331,bitmap,0,0,0,0,0,0,0,0,0,0,0,0,0,0,1,0,0,1,0,0,0,0,2,0,1,0,0,0,0,80000,0,0,800000,0,0,0,0,7,3-1,0.0190679159882034,4854.498
2,1298301.77,536285,bitmap,0,0,0,0,0,0,0,0,0,0,0,0,0,0,1,0,0,1,0,0,0,0,2,0,1,0,0,0,0,80000,0,0,900000,0,0,0,0,7,3-1,0.0209264813760372,4863.100
2,1298483.03,594757,bitmap,0,0,0,0,0,0,0,0,0,0,0,0,0,0,1,0,0,1,0,0,0,0,2,0,1,0,0,0,0,80000,0,0,1000000,0,0,0,0,7,3-1,0.0238313066510862,4855.154
2,1298661.96,652475,bitmap,0,0,0,0,0,0,0,0,0,0,0,0,0,0,1,0,0,1,0,0,0,0,2,0,1,0,0,0,0,80000,0,0,1100000,0,0,0,0,7,3-1,0.0256880882909247,4881.526
2,1298846.52,712011,bitmap,0,0,0,0,0,0,0,0,0,0,0,0,0,0,1,0,0,1,0,0,0,0,2,0,1,0,0,0,0,80000,0,0,1200000,0,0,0,0,7,3-1,0.0285925134729653,4933.464
2,1299028.35,770666,bitmap,0,0,0,0,0,0,0,0,0,0,0,0,0,0,1,0,0,1,0,0,0,0,2,0,1,0,0,0,0,80000,0,0,1300000,0,0,0,0,7,3-1,0.0304496451941861,4994.768
2,1299216.16,831252,bitmap,0,0,0,0,0,0,0,0,0,0,0,0,0,0,1,0,0,1,0,0,0,0,2,0,1,0,0,0,0,80000,0,0,1400000,0,0,0,0,7,3-1,0.0333392169232941,4995.606
2,1299392.86,888250,bitmap,0,0,0,0,0,0,0,0,0,0,0,0,0,0,1,0,0,1,0,0,0,0,2,0,1,0,0,0,0,80000,0,0,1500000,0,0,0,0,7,3-1,0.0351980657103421,4965.986
2,1299576.03,947338,bitmap,0,0,0,0,0,0,0,0,0,0,0,0,0,0,1,0,0,1,0,0,0,0,2,0,1,0,0,0,0,80000,0,0,1600000,0,0,0,0,7,3-1,0.0380931887299401,5022.074
2,1299753.44,1004568,bitmap,0,0,0,0,0,0,0,0,0,0,0,0,0,0,1,0,0,1,0,0,0,0,2,0,1,0,0,0,0,80000,0,0,1700000,0,0,0,0,7,3-1,0.0399451692536792,5023.393
2,1299935.66,1063349,bitmap,0,0,0,0,0,0,0,0,0,0,0,0,0,0,1,0,0,1,0,0,0,0,2,0,1,0,0,0,0,80000,0,0,1800000,0,0,0,0,7,3-1,0.0428527618387021,5032.511
2,1300120.74,1123050,bitmap,0,0,0,0,0,0,0,0,0,0,0,0,0,0,1,0,0,1,0,0,0,0,2,0,1,0,0,0,0,80000,0,0,1900000,0,0,0,0,7,3-1,0.0447069428739868,5030.379
2,1300309.54,1183954,bitmap,0,0,0,0,0,0,0,0,0,0,0,0,0,0,1,0,0,1,0,0,0,0,2,0,1,0,0,0,0,80000,0,0,2000000,0,0,0,0,7,3-1,0.0476064835872179,5050.696
0,517586.04,139687,bitmap,0,0,0,0,0,0,0,0,0,0,0,0,0,1,1,0,0,0,0,0,0,0,0,2,1,0,0,0,5000,80000,0,0,0,0,0,0,0,8,3-1,0.00226929420192547,8910.865
0,835841.94,278412,bitmap,0,0,0,0,0,0,0,0,0,0,0,0,0,1,1,0,0,0,0,0,0,0,0,1,2,0,0,0,10000,80000,0,0,0,0,0,0,0,8,3-1,0.00459475145988938,12686.276
0,1090394.19,424572,bitmap,0,0,0,0,0,0,0,0,0,0,0,0,0,1,1,0,0,0,0,0,0,0,0,1,2,0,0,0,15000,80000,0,0,0,0,0,0,0,8,3-1,0.00697878900248344,12599.236
0,1284763.40,567050,bitmap,0,0,0,0,0,0,0,0,0,0,0,0,0,1,1,0,0,0,0,0,0,0,0,1,2,0,0,0,20000,80000,0,0,0,0,0,0,0,8,3-1,0.00940883724103063,12534.585
2,1297562.92,297947,bitmap,0,0,0,0,0,0,0,0,0,0,0,0,0,0,1,0,0,0,1,0,0,0,0,2,1,0,0,0,0,80000,0,0,0,25000,0,0,0,8,3-1,0.0118916977566718,4829.516
2,1297744.41,356493,bitmap,0,0,0,0,0,0,0,0,0,0,0,0,0,0,1,0,0,0,1,0,0,0,0,2,1,0,0,0,0,80000,0,0,0,30000,0,0,0,8,3-1,0.0141713943768128,4843.510
2,1297924.37,414544,bitmap,0,0,0,0,0,0,0,0,0,0,0,0,0,0,1,0,0,0,1,0,0,0,0,2,1,0,0,0,0,80000,0,0,0,35000,0,0,0,8,3-1,0.0165035698632075,4899.711
2,1298107.10,473488,bitmap,0,0,0,0,0,0,0,0,0,0,0,0,0,0,1,0,0,0,1,0,0,0,0,2,1,0,0,0,0,80000,0,0,0,40000,0,0,0,8,3-1,0.0188863737856927,4935.399
2,1298295.66,534316,bitmap,0,0,0,0,0,0,0,0,0,0,0,0,0,0,1,0,0,0,1,0,0,0,0,2,1,0,0,0,0,80000,0,0,0,45000,0,0,0,8,3-1,0.0213164720358659,4889.925
2,1298477.62,593013,bitmap,0,0,0,0,0,0,0,0,0,0,0,0,0,0,1,0,0,0,1,0,0,0,0,2,1,0,0,0,0,80000,0,0,0,50000,0,0,0,8,3-1,0.0237993658925912,4883.284
2,1298667.26,654187,bitmap,0,0,0,0,0,0,0,0,0,0,0,0,0,0,1,0,0,0,1,0,0,0,0,2,1,0,0,0,0,80000,0,0,0,55000,0,0,0,8,3-1,0.0260763452143842,4943.754
2,1298840.33,710017,bitmap,0,0,0,0,0,0,0,0,0,0,0,0,0,0,1,0,0,0,1,0,0,0,0,2,1,0,0,0,0,80000,0,0,0,60000,0,0,0,8,3-1,0.0284028693870368,4901.794
2,1299022.42,768754,bitmap,0,0,0,0,0,0,0,0,0,0,0,0,0,0,1,0,0,0,1,0,0,0,0,2,1,0,0,0,0,80000,0,0,0,65000,0,0,0,8,3-1,0.0307845230421232,4911.854
2,1299200.17,826092,bitmap,0,0,0,0,0,0,0,0,0,0,0,0,0,0,1,0,0,0,1,0,0,0,0,2,1,0,0,0,0,80000,0,0,0,70000,0,0,0,8,3-1,0.033216771792216,4944.566
2,1299376.32,882915,bitmap,0,0,0,0,0,0,0,0,0,0,0,0,0,0,1,0,0,0,1,0,0,0,0,2,1,0,0,0,0,80000,0,0,0,75000,0,0,0,8,3-1,0.0357042833890785,4888.248
0,728663.67,225133,bitmap,0,0,0,0,0,0,0,0,0,0,0,0,1,0,1,0,0,0,0,0,0,0,2,0,1,0,0,100000,0,75000,0,0,0,0,0,0,0,9,3-1,0.00306059481960907,9332.914
0,524542.02,142312,bitmap,0,0,0,0,0,0,0,0,0,0,0,0,1,0,1,0,0,0,0,0,0,0,2,0,1,0,0,100000,0,80000,0,0,0,0,0,0,0,9,3-1,0.00186211621328238,8599.684
0,364907.92,86897,bitmap,0,0,0,0,0,0,0,0,0,0,0,0,1,0,1,0,0,0,0,0,0,0,1,0,2,0,0,100000,0,85000,0,0,0,0,0,0,0,9,3-1,0.000980411246267716,9332.940
0,218931.40,42515,bitmap,0,0,0,0,0,0,0,0,0,0,0,0,1,0,1,0,0,0,0,0,0,0,1,0,2,0,0,100000,0,90000,0,0,0,0,0,0,0,9,3-1,0.000385272896439326,5979.206
0,145639.70,22417,bitmap,0,0,0,0,0,0,0,0,0,0,0,0,1,0,1,0,0,0,0,0,0,0,1,0,2,0,0,100000,0,95000,0,0,0,0,0,0,0,9,3-1,7.13165787273348e-05,2503.945
0,101840.66,11152,bitmap,0,0,0,0,0,0,0,0,0,0,0,0,1,0,1,0,0,0,0,0,0,0,1,0,2,0,0,100000,0,100000,0,0,0,0,0,0,0,9,3-1,0,399.257
0,8.60,1,index,0,0,0,0,1,0,0,0,0,0,0,0,0,0,0,0,0,1,0,0,0,0,1,0,2,0,0,0,0,105000,0,0,100000,0,0,0,0,9,3-1,0,0.329
0,8.60,1,index,0,0,0,0,1,0,0,0,0,0,0,0,0,0,0,0,0,1,0,0,0,0,1,0,2,0,0,0,0,110000,0,0,100000,0,0,0,0,9,3-1,0,0.200
0,8.60,1,index,0,0,0,0,1,0,0,0,0,0,0,0,0,0,0,0,0,1,0,0,0,0,1,0,2,0,0,0,0,115000,0,0,100000,0,0,0,0,9,3-1,0,0.156
0,8.60,1,index,0,0,0,0,1,0,0,0,0,0,0,0,0,0,0,0,0,1,0,0,0,0,1,0,2,0,0,0,0,120000,0,0,100000,0,0,0,0,9,3-1,0,0.151
2,1346485.33,938128,bitmap,0,0,0,0,0,0,0,0,0,0,0,0,0,0,1,0,0,0,1,0,0,0,0,2,1,0,0,0,0,75000,0,0,0,50000,0,0,0,10,3-1,0.0370309918045615,5456.393
2,1325472.58,787070,bitmap,0,0,0,0,0,0,0,0,0,0,0,0,0,0,1,0,0,0,1,0,0,0,0,2,1,0,0,0,0,77000,0,0,0,50000,0,0,0,10,3-1,0.0313648412801029,5264.252
2,1298477.62,593013,bitmap,0,0,0,0,0,0,0,0,0,0,0,0,0,0,1,0,0,0,1,0,0,0,0,2,1,0,0,0,0,80000,0,0,0,50000,0,0,0,10,3-1,0.0237993658925912,4867.594
2,1295608.22,486672,bitmap,0,0,0,0,0,0,0,0,0,0,0,0,0,0,1,0,0,0,1,0,0,0,0,2,1,0,0,0,0,82000,0,0,0,50000,0,0,0,10,3-1,0.0194156801651157,4533.299
2,1328533.06,362101,bitmap,0,0,0,0,0,0,0,0,0,0,0,0,0,0,1,0,0,0,1,0,0,0,0,2,1,0,0,0,0,85000,0,0,0,50000,0,0,0,10,3-1,0.0137073531693668,3904.142
0,1288610.90,573724,bitmap,0,0,0,0,0,0,0,0,0,0,0,0,0,0,1,0,0,0,1,0,0,0,0,2,1,0,0,0,0,88000,0,0,0,50000,0,0,0,10,3-1,0.00907350928845926,7680.724
0,1025352.07,291787,bitmap,0,0,0,0,0,0,0,0,0,0,0,0,0,0,1,0,0,0,1,0,0,0,0,2,1,0,0,0,0,92000,0,0,0,50000,0,0,0,10,3-1,0.00448510930507645,4665.264
0,896679.55,224189,bitmap,0,0,0,0,0,0,0,0,0,0,0,0,0,0,1,0,0,0,1,0,0,0,0,2,1,0,0,0,0,95000,0,0,0,50000,0,0,0,10,3-1,0.00218397436790806,2462.076
2,1350863.53,839981,bitmap,0,0,0,0,0,0,0,0,0,0,0,0,0,0,1,0,0,1,1,0,0,0,3,2,1,0,0,0,0,75000,0,0,1200000,75000,0,0,0,11,3-1,0.0333382500318574,5415.513
2,1350761.58,807094,bitmap,0,0,0,0,0,0,0,0,0,0,0,0,0,0,1,0,0,1,1,0,0,0,3,2,1,0,0,0,0,75000,0,0,1200000,72000,0,0,0,11,3-1,0.0319543949983573,5414.470
2,1350561.85,742666,bitmap,0,0,0,0,0,0,0,0,0,0,0,0,0,0,1,0,0,1,1,0,0,0,3,2,1,0,0,0,0,75000,0,0,1200000,66000,0,0,0,11,3-1,0.0292270609841101,5400.356
2,1350353.60,675490,bitmap,0,0,0,0,0,0,0,0,0,0,0,0,0,0,1,0,0,1,1,0,0,0,3,2,1,0,0,0,0,75000,0,0,1200000,60000,0,0,0,11,3-1,0.0265546063941664,5420.067
2,1350154.85,611375,bitmap,0,0,0,0,0,0,0,0,0,0,0,0,0,0,1,0,0,1,1,0,0,0,3,2,1,0,0,0,0,75000,0,0,1200000,54000,0,0,0,11,3-1,0.0239417156508316,5407.506
2,1349934.24,540210,bitmap,0,0,0,0,0,0,0,0,0,0,0,0,0,0,1,0,0,1,1,0,0,0,3,2,1,0,0,0,0,75000,0,0,1200000,48000,0,0,0,11,3-1,0.0213085701989522,5399.319
2,1349725.01,472719,bitmap,0,0,0,0,0,0,0,0,0,0,0,0,0,0,1,0,0,1,1,0,0,0,3,2,1,0,0,0,0,75000,0,0,1200000,42000,0,0,0,11,3-1,0.0185665661077345,5396.845
2,1349516.17,405351,bitmap,0,0,0,0,0,0,0,0,0,0,0,0,0,0,1,0,0,1,1,0,0,0,3,2,1,0,0,0,0,75000,0,0,1200000,36000,0,0,0,11,3-1,0.0158856262119067,5407.630
2,1349310.97,339157,bitmap,0,0,0,0,0,0,0,0,0,0,0,0,0,0,1,0,0,1,1,0,0,0,3,2,1,0,0,0,0,75000,0,0,1200000,30000,0,0,0,11,3-1,0.013256114938186,5382.477
2,1349100.31,271201,bitmap,0,0,0,0,0,0,0,0,0,0,0,0,0,0,1,0,0,1,1,0,0,0,3,2,1,0,0,0,0,75000,0,0,1200000,24000,0,0,0,11,3-1,0.0106462415629553,5367.016
2,1348887.22,202464,bitmap,0,0,0,0,0,0,0,0,0,0,0,0,0,0,1,0,0,1,1,0,0,0,3,2,1,0,0,0,0,75000,0,0,1200000,18000,0,0,0,11,3-1,0.00789668571620616,5358.162
0,1201041.20,319474,bitmap,0,0,0,0,0,0,0,0,0,0,0,0,0,1,1,0,0,1,0,0,0,0,3,1,2,0,0,0,12000,75000,0,0,1200000,0,0,0,0,11,3-1,0.00519894191403028,13478.294
0,807865.75,159385,bitmap,0,0,0,0,0,0,0,0,0,0,0,0,0,1,1,0,0,1,0,0,0,0,3,2,1,0,0,0,6000,75000,0,0,1200000,0,0,0,0,11,3-1,0.00256474621800415,9628.794
0,729054.77,167889,bitmap,0,0,0,0,0,0,0,0,0,0,0,0,1,0,1,0,0,0,1,0,0,0,2,3,1,0,0,100000,0,75000,0,0,0,75000,0,0,0,12,3-1,0.00229750075900978,9176.885
0,1103970.30,337101,bitmap,0,0,0,0,0,0,0,0,0,0,0,0,1,0,1,0,0,0,1,0,0,0,1,3,2,0,0,200000,0,75000,0,0,0,75000,0,0,0,12,3-1,0.00556519372203392,13379.518
0,1355278.67,510091,bitmap,0,0,0,0,0,0,0,0,0,0,0,0,1,0,1,0,0,0,1,0,0,0,1,3,2,0,0,300000,0,75000,0,0,0,75000,0,0,0,12,3-1,0.00784530710572518,13600.419
2,1349135.47,282544,bitmap,0,0,0,0,0,0,0,0,0,0,0,0,0,0,1,0,0,1,1,0,0,0,3,2,1,0,0,0,0,75000,0,0,400000,75000,0,0,0,12,3-1,0.0111072987433812,5371.272
2,1349346.55,350635,bitmap,0,0,0,0,0,0,0,0,0,0,0,0,0,0,1,0,0,1,1,0,0,0,3,2,1,0,0,0,0,75000,0,0,500000,75000,0,0,0,12,3-1,0.0134031491187318,5404.846
2,1349563.92,420753,bitmap,0,0,0,0,0,0,0,0,0,0,0,0,0,0,1,0,0,1,1,0,0,0,3,2,1,0,0,0,0,75000,0,0,600000,75000,0,0,0,12,3-1,0.0166620400355736,5393.141
2,1349780.67,490672,bitmap,0,0,0,0,0,0,0,0,0,0,0,0,0,0,1,0,0,1,1,0,0,0,3,2,1,0,0,0,0,75000,0,0,700000,75000,0,0,0,12,3-1,0.0189573069419538,5392.350
2,1350001.61,561942,bitmap,0,0,0,0,0,0,0,0,0,0,0,0,0,0,1,0,0,1,1,0,0,0,3,2,1,0,0,0,0,75000,0,0,800000,75000,0,0,0,12,3-1,0.022226550265385,5413.274
2,1350220.86,632671,bitmap,0,0,0,0,0,0,0,0,0,0,0,0,0,0,1,0,0,1,1,0,0,0,3,2,1,0,0,0,0,75000,0,0,900000,75000,0,0,0,12,3-1,0.0245111313543355,5425.273
2,1350434.71,701652,bitmap,0,0,0,0,0,0,0,0,0,0,0,0,0,0,1,0,0,1,1,0,0,0,3,2,1,0,0,0,0,75000,0,0,1000000,75000,0,0,0,12,3-1,0.0277832920226189,5415.774
2,1350645.79,769745,bitmap,0,0,0,0,0,0,0,0,0,0,0,0,0,0,1,0,0,1,1,0,0,0,3,2,1,0,0,0,0,75000,0,0,1100000,75000,0,0,0,12,3-1,0.0300723741579126,5406.117
2,1350863.53,839981,bitmap,0,0,0,0,0,0,0,0,0,0,0,0,0,0,1,0,0,1,1,0,0,0,3,2,1,0,0,0,0,75000,0,0,1200000,75000,0,0,0,13,3-1,0.0333382500318574,5407.731
2,1319048.31,641832,bitmap,0,0,0,0,0,0,0,0,0,0,0,0,0,0,1,0,0,1,1,0,0,0,3,2,1,0,0,0,0,78000,0,0,1200000,75000,0,0,0,13,3-1,0.0258615786216436,5102.619
2,1293321.56,481619,bitmap,0,0,0,0,0,0,0,0,0,0,0,0,0,0,1,0,0,1,1,0,0,0,3,2,1,0,0,0,0,81000,0,0,1200000,75000,0,0,0,13,3-1,0.0194154801186116,4691.419
2,1325040.68,361433,bitmap,0,0,0,0,0,0,0,0,0,0,0,0,0,0,1,0,0,1,1,0,0,0,3,2,1,0,0,0,0,84000,0,0,1200000,75000,0,0,0,13,3-1,0.0139531269702497,4166.447
2,1310106.65,248400,bitmap,0,0,0,0,0,0,0,0,0,0,0,0,0,0,1,0,0,1,1,0,0,0,3,2,1,0,0,0,0,87000,0,0,1200000,75000,0,0,0,13,3-1,0.00947526935094845,3422.196
0,1193048.95,380700,bitmap,0,0,0,0,0,0,0,0,0,0,0,0,0,0,1,0,0,1,1,0,0,0,3,2,1,0,0,0,0,90000,0,0,1200000,75000,0,0,0,13,3-1,0.00591432488339123,6167.044
0,987855.32,241084,bitmap,0,0,0,0,0,0,0,0,0,0,0,0,0,0,1,0,0,1,1,0,0,0,3,2,1,0,0,0,0,93000,0,0,1200000,75000,0,0,0,13,3-1,0.00326515904063831,3917.821
0,897734.03,200734,bitmap,0,0,0,0,0,0,0,0,0,0,0,0,0,0,1,0,0,1,1,0,0,0,3,2,1,0,0,0,0,95000,0,0,1200000,75000,0,0,0,13,3-1,0.00197322537579236,2461.045
2,1301107.54,486573,bitmap,0,0,0,0,0,0,0,0,0,0,0,0,0,0,1,0,0,1,1,0,0,0,3,2,1,0,0,0,0,80000,0,0,1100000,75000,0,0,0,14,3-1,0.0192624612134834,4846.809
2,1293272.20,465698,bitmap,0,0,0,0,0,0,0,0,0,0,0,0,0,0,1,0,0,1,1,0,0,0,3,2,1,0,0,0,0,81000,0,0,1160000,75000,0,0,0,14,3-1,0.0185177714312654,4694.126
2,1297901.49,442849,bitmap,0,0,0,0,0,0,0,0,0,0,0,0,0,0,1,0,0,1,1,0,0,0,3,2,1,0,0,0,0,82000,0,0,1220000,75000,0,0,0,14,3-1,0.017666956978599,4515.414
2,1313745.03,425238,bitmap,0,0,0,0,0,0,0,0,0,0,0,0,0,0,1,0,0,1,1,0,0,0,3,2,1,0,0,0,0,83000,0,0,1280000,75000,0,0,0,14,3-1,0.0163946945533272,4352.526
2,1325169.82,403089,bitmap,0,0,0,0,0,0,0,0,0,0,0,0,0,0,1,0,0,1,1,0,0,0,3,2,1,0,0,0,0,84000,0,0,1340000,75000,0,0,0,14,3-1,0.015305324644469,4163.520
2,1330391.29,378515,bitmap,0,0,0,0,0,0,0,0,0,0,0,0,0,0,1,0,0,1,1,0,0,0,3,2,1,0,0,0,0,85000,0,0,1400000,75000,0,0,0,14,3-1,0.0144085661780175,3895.544
2,1326850.92,348327,bitmap,0,0,0,0,0,0,0,0,0,0,0,0,0,0,1,0,0,1,1,0,0,0,3,2,1,0,0,0,0,86000,0,0,1460000,75000,0,0,0,14,3-1,0.0129861855219277,3630.374
2,1310309.21,313742,bitmap,0,0,0,0,0,0,0,0,0,0,0,0,0,0,1,0,0,1,1,0,0,0,3,2,1,0,0,0,0,87000,0,0,1520000,75000,0,0,0,14,3-1,0.0117414795026017,3421.193
0,1291750.91,674232,bitmap,0,0,0,0,0,0,0,0,0,0,0,0,0,0,1,0,0,1,1,0,0,0,3,2,1,0,0,0,0,88000,0,0,1580000,75000,0,0,0,14,3-1,0.010669380275268,7683.771
0,1251263.10,609231,bitmap,0,0,0,0,0,0,0,0,0,0,0,0,0,0,1,0,0,1,1,0,0,0,3,2,1,0,0,0,0,89000,0,0,1640000,75000,0,0,0,14,3-1,0.00944527904586886,6938.915
0,1193479.13,537126,bitmap,0,0,0,0,0,0,0,0,0,0,0,0,0,0,1,0,0,1,1,0,0,0,3,2,1,0,0,0,0,90000,0,0,1700000,75000,0,0,0,14,3-1,0.00816843222154377,6176.790
0,1112815.37,458872,bitmap,0,0,0,0,0,0,0,0,0,0,0,0,0,0,1,0,0,1,1,0,0,0,3,2,1,0,0,0,0,91000,0,0,1760000,75000,0,0,0,14,3-1,0.00710025057158287,5427.538
0,1027091.04,394545,bitmap,0,0,0,0,0,0,0,0,0,0,0,0,0,0,1,0,0,1,1,0,0,0,3,2,1,0,0,0,0,92000,0,0,1820000,75000,0,0,0,14,3-1,0.00608488119871599,4669.367
0,988226.61,376100,bitmap,0,0,0,0,0,0,0,0,0,0,0,0,0,0,1,0,0,1,1,0,0,0,3,2,1,0,0,0,0,93000,0,0,1880000,75000,0,0,0,14,3-1,0.00496945523269309,3922.214
0,945377.90,356052,bitmap,0,0,0,0,0,0,0,0,0,0,0,0,0,0,1,0,0,1,1,0,0,0,3,2,1,0,0,0,0,94000,0,0,1940000,75000,0,0,0,14,3-1,0.0040250523571713,3177.818
0,898099.92,333786,bitmap,0,0,0,0,0,0,0,0,0,0,0,0,0,0,1,0,0,1,1,0,0,0,3,2,1,0,0,0,0,95000,0,0,2000000,75000,0,0,0,14,3-1,0.00328741421422433,2464.158
2,1300818.76,393418,bitmap,0,0,0,0,0,0,0,0,0,0,0,0,0,0,1,0,0,1,1,0,0,0,3,2,1,0,0,0,0,80000,0,0,1200000,55000,0,0,0,15,3-1,0.0156654917046383,4840.520
2,1292953.31,362830,bitmap,0,0,0,0,0,0,0,0,0,0,0,0,0,0,1,0,0,1,1,0,0,0,3,2,1,0,0,0,0,81000,0,0,1200000,56000,0,0,0,15,3-1,0.0144320549717124,4684.783
2,1297564.51,334147,bitmap,0,0,0,0,0,0,0,0,0,0,0,0,0,0,1,0,0,1,1,0,0,0,3,2,1,0,0,0,0,82000,0,0,1200000,57000,0,0,0,15,3-1,0.0132245742726993,4507.628
2,1313390.50,310872,bitmap,0,0,0,0,0,0,0,0,0,0,0,0,0,0,1,0,0,1,1,0,0,0,3,2,1,0,0,0,0,83000,0,0,1200000,58000,0,0,0,15,3-1,0.0120401322627467,4347.443
2,1324807.72,286285,bitmap,0,0,0,0,0,0,0,0,0,0,0,0,0,0,1,0,0,1,1,0,0,0,3,2,1,0,0,0,0,84000,0,0,1200000,59000,0,0,0,15,3-1,0.0109058352431662,4162.310
2,1330026.14,260727,bitmap,0,0,0,0,0,0,0,0,0,0,0,0,0,0,1,0,0,1,1,0,0,0,3,2,1,0,0,0,0,85000,0,0,1200000,60000,0,0,0,15,3-1,0.00981218100501097,3891.200
2,1326497.45,234303,bitmap,0,0,0,0,0,0,0,0,0,0,0,0,0,0,1,0,0,1,1,0,0,0,3,2,1,0,0,0,0,86000,0,0,1200000,61000,0,0,0,15,3-1,0.00876365392408222,3628.356
2,1309975.66,206147,bitmap,0,0,0,0,0,0,0,0,0,0,0,0,0,0,1,0,0,1,1,0,0,0,3,2,1,0,0,0,0,87000,0,0,1200000,62000,0,0,0,15,3-1,0.00776773907374334,3403.885
0,1291087.51,432996,bitmap,0,0,0,0,0,0,0,0,0,0,0,0,0,0,1,0,0,1,1,0,0,0,3,2,1,0,0,0,0,88000,0,0,1200000,63000,0,0,0,15,3-1,0.00680703240813381,7672.968
0,1250640.78,382931,bitmap,0,0,0,0,0,0,0,0,0,0,0,0,0,0,1,0,0,1,1,0,0,0,3,2,1,0,0,0,0,89000,0,0,1200000,64000,0,0,0,15,3-1,0.00592479398377476,6930.101
0,1192913.59,331475,bitmap,0,0,0,0,0,0,0,0,0,0,0,0,0,0,1,0,0,1,1,0,0,0,3,2,1,0,0,0,0,90000,0,0,1200000,65000,0,0,0,15,3-1,0.0050751798101332,6167.333
0,1112317.42,277799,bitmap,0,0,0,0,0,0,0,0,0,0,0,0,0,0,1,0,0,1,1,0,0,0,3,2,1,0,0,0,0,91000,0,0,1200000,66000,0,0,0,15,3-1,0.00429503178505563,5421.452
0,1026650.84,234473,bitmap,0,0,0,0,0,0,0,0,0,0,0,0,0,0,1,0,0,1,1,0,0,0,3,2,1,0,0,0,0,92000,0,0,1200000,67000,0,0,0,15,3-1,0.0035810491412237,4661.412
0,987795.81,219443,bitmap,0,0,0,0,0,0,0,0,0,0,0,0,0,0,1,0,0,1,1,0,0,0,3,2,1,0,0,0,0,93000,0,0,1200000,68000,0,0,0,15,3-1,0.00292859746795805,3921.755
0,944959.42,203877,bitmap,0,0,0,0,0,0,0,0,0,0,0,0,0,0,1,0,0,1,1,0,0,0,3,2,1,0,0,0,0,94000,0,0,1200000,69000,0,0,0,15,3-1,0.00233472607932257,3171.242
0,897734.03,200734,bitmap,0,0,0,0,0,0,0,0,0,0,0,0,0,0,1,0,0,1,1,0,0,0,3,2,1,0,0,0,0,95000,0,0,1200000,75000,0,0,0,15,3-1,0.00197322537579236,2459.718
0,926934.38,143155,bitmap,0,0,0,0,0,0,0,0,0,0,0,0,1,1,1,0,0,0,0,0,0,0,2,1,3,0,0,250000,25000,75000,0,0,0,0,0,0,0,16,3-1,0.00218664165462998,14191.653
0,1140217.15,205958,bitmap,0,0,0,0,0,0,0,0,0,0,0,0,1,1,1,0,0,0,0,0,0,0,2,1,3,0,0,300000,30000,75000,0,0,0,0,0,0,0,16,3-1,0.00311209012388413,14408.625
2,1348619.14,115986,bitmap,0,0,0,0,0,0,0,0,0,0,0,0,0,0,1,0,0,1,1,0,0,0,3,2,1,0,0,0,0,75000,0,0,350000,35000,0,0,0,16,3-1,0.00431955415235528,5370.322
2,1348729.30,151522,bitmap,0,0,0,0,0,0,0,0,0,0,0,0,0,0,1,0,0,1,1,0,0,0,3,2,1,0,0,0,0,75000,0,0,400000,40000,0,0,0,16,3-1,0.00586688052082507,5373.216
2,1348854.00,191747,bitmap,0,0,0,0,0,0,0,0,0,0,0,0,0,0,1,0,0,1,1,0,0,0,3,2,1,0,0,0,0,75000,0,0,450000,45000,0,0,0,16,3-1,0.00723808261293809,5362.887
2,1348989.65,235505,bitmap,0,0,0,0,0,0,0,0,0,0,0,0,0,0,1,0,0,1,1,0,0,0,3,2,1,0,0,0,0,75000,0,0,500000,50000,0,0,0,16,3-1,0.00892029033682697,5383.919
2,1349142.36,284767,bitmap,0,0,0,0,0,0,0,0,0,0,0,0,0,0,1,0,0,1,1,0,0,0,3,2,1,0,0,0,0,75000,0,0,550000,55000,0,0,0,16,3-1,0.0108724108064321,5389.843
2,1349308.50,338359,bitmap,0,0,0,0,0,0,0,0,0,0,0,0,0,0,1,0,0,1,1,0,0,0,3,2,1,0,0,0,0,75000,0,0,600000,60000,0,0,0,16,3-1,0.0132619662984322,5383.213
2,1349490.54,397083,bitmap,0,0,0,0,0,0,0,0,0,0,0,0,0,0,1,0,0,1,1,0,0,0,3,2,1,0,0,0,0,75000,0,0,650000,65000,0,0,0,16,3-1,0.0152750342696332,5411.052
2,1349682.77,459093,bitmap,0,0,0,0,0,0,0,0,0,0,0,0,0,0,1,0,0,1,1,0,0,0,3,2,1,0,0,0,0,75000,0,0,700000,70000,0,0,0,16,3-1,0.0176492695335242,5404.138
2,1349892.52,526752,bitmap,0,0,0,0,0,0,0,0,0,0,0,0,0,0,1,0,0,1,1,0,0,0,3,2,1,0,0,0,0,75000,0,0,750000,75000,0,0,0,16,3-1,0.0204657909475356,5416.295
2,1350121.84,600728,bitmap,0,0,0,0,0,0,0,0,0,0,0,0,0,0,1,0,0,1,1,0,0,0,3,2,1,0,0,0,0,75000,0,0,800000,80000,0,0,0,16,3-1,0.023661633874488,5394.278
2,1350366.41,679622,bitmap,0,0,0,0,0,0,0,0,0,0,0,0,0,0,1,0,0,1,1,0,0,0,3,2,1,0,0,0,0,75000,0,0,850000,85000,0,0,0,16,3-1,0.0262877276870963,5405.884
2,1350620.95,761731,bitmap,0,0,0,0,0,0,0,0,0,0,0,0,0,0,1,0,0,1,1,0,0,0,3,2,1,0,0,0,0,75000,0,0,900000,90000,0,0,0,16,3-1,0.0293442215533704,5408.792
